Elapsed	PiezoValue	BucketFlip	BucketCount
146628	2	0	0
146639	3	0	0
146650	4	0	0
146661	2	0	0
146672	4	0	0
146683	2	0	0
146694	3	0	0
146705	3	0	0
146716	2	0	0
146727	1	0	0
146738	1	0	0
146749	2	0	0
146760	2	0	0
146771	1	0	0
146782	2	0	0
146793	4	0	0
146804	2	0	0
146815	2	0	0
146826	1	0	0
146837	2	0	0
146848	1	0	0
146859	2	0	0
146870	2	0	0
146881	2	0	0
146892	3	0	0
146903	1	0	0
146914	2	0	0
146925	3	0	0
146936	2	0	0
146947	1	0	0
146958	1	0	0
146969	3	0	0
146980	1	0	0
146991	2	0	0
147002	2	0	0
147013	2	0	0
147024	1	0	0
147035	1	0	0
147046	0	0	0
147057	2	0	0
147068	1	0	0
147079	2	0	0
147090	3	0	0
147101	1	0	0
147112	3	0	0
147123	4	0	0
147134	2	0	0
147145	3	0	0
147156	0	0	0
147167	2	0	0
147178	2	0	0
147189	1	0	0
147200	2	0	0
147211	2	0	0
147222	3	0	0
147233	2	0	0
147244	1	0	0
147255	2	0	0
147266	2	0	0
147277	1	0	0
147288	2	0	0
147299	0	0	0
147310	2	0	0
147321	4	0	0
147332	3	0	0
147343	3	0	0
147354	1	0	0
147365	1	0	0
147376	3	0	0
147387	1	0	0
147398	2	0	0
147409	3	0	0
147420	1	0	0
147431	2	0	0
147442	4	0	0
147453	2	0	0
147464	1	0	0
147475	3	0	0
147486	2	0	0
147497	2	0	0
147508	4	0	0
147519	3	0	0
147530	3	0	0
147541	4	0	0
147552	3	0	0
147563	2	0	0
147574	3	0	0
147585	4	0	0
147596	2	0	0
147607	2	0	0
147618	2	0	0
147629	2	0	0
147640	5	0	0
147651	2	0	0
147662	1	0	0
147673	2	0	0
147684	3	0	0
147695	3	0	0
147706	2	0	0
147717	2	0	0
147728	2	0	0
147739	2	0	0
147750	2	0	0
147761	3	0	0
147772	2	0	0
147783	4	0	0
147794	4	0	0
147805	3	0	0
147816	1	0	0
147827	5	0	0
147838	3	0	0
147849	2	0	0
147860	2	0	0
147871	2	0	0
147882	4	0	0
147893	3	0	0
147904	3	0	0
147915	3	0	0
147926	3	0	0
147937	4	0	0
147948	2	0	0
147959	4	0	0
147970	4	0	0
147981	1	0	0
147992	4	0	0
148003	4	0	0
148014	2	0	0
148025	4	0	0
148036	3	0	0
148047	4	0	0
148058	6	0	0
148069	5	0	0
148080	3	0	0
148091	4	0	0
148102	3	0	0
148113	5	0	0
148124	5	0	0
148135	3	0	0
148146	3	0	0
148157	4	0	0
148168	4	0	0
148179	5	0	0
148190	4	0	0
148201	3	0	0
148212	5	0	0
148223	6	0	0
148234	3	0	0
148245	2	0	0
148256	3	0	0
148267	3	0	0
148278	3	0	0
148289	5	0	0
148300	4	0	0
148311	5	0	0
148322	4	0	0
148333	3	0	0
148344	5	0	0
148355	4	0	0
148366	3	0	0
148377	6	0	0
148388	4	0	0
148399	3	0	0
148410	3	0	0
148421	6	0	0
148432	4	0	0
148443	5	0	0
148454	4	0	0
148465	4	0	0
148476	4	0	0
148487	4	0	0
148498	4	0	0
148509	6	0	0
148520	2	0	0
148531	4	0	0
148542	4	0	0
148553	4	0	0
148564	5	0	0
148575	4	0	0
148586	4	0	0
148597	4	0	0
148608	4	0	0
148619	4	0	0
148630	4	0	0
148641	4	0	0
148652	3	0	0
148663	9	0	0
148674	3	0	0
148685	3	0	0
148696	6	0	0
148707	6	0	0
148718	4	0	0
148729	3	0	0
148740	6	0	0
148751	3	0	0
148762	3	0	0
148773	4	0	0
148784	3	0	0
148795	3	0	0
148806	8	0	0
148817	3	0	0
148828	3	0	0
148839	4	0	0
148850	3	0	0
148861	4	0	0
148872	3	0	0
148883	9	0	0
148894	4	0	0
148905	3	0	0
148916	3	0	0
148927	2	0	0
148938	3	0	0
148949	2	0	0
148960	3	0	0
148971	3	0	0
148982	3	0	0
148993	2	0	0
149004	3	0	0
149015	1	0	0
149026	6	0	0
149037	2	0	0
149048	2	0	0
149059	2	0	0
149070	1	0	0
149081	3	0	0
149092	3	0	0
149103	2	0	0
149114	4	0	0
149125	2	0	0
149136	4	0	0
149147	3	0	0
149158	4	0	0
149169	3	0	0
149180	2	0	0
149191	1	0	0
149202	3	0	0
149213	4	0	0
149224	3	0	0
149235	2	0	0
149246	2	0	0
149257	3	0	0
149268	4	0	0
149279	3	0	0
149290	4	0	0
149301	4	0	0
149312	2	0	0
149323	5	0	0
149334	4	0	0
149345	8	0	0
149356	4	0	0
149367	3	0	0
149378	5	0	0
149389	4	0	0
149400	3	0	0
149411	5	0	0
149422	4	0	0
149433	7	0	0
149444	4	0	0
149455	5	0	0
149466	4	0	0
149477	5	0	0
149488	6	0	0
149499	3	0	0
149510	4	0	0
149521	5	0	0
149532	4	0	0
149543	4	0	0
149554	3	0	0
149565	3	0	0
149576	3	0	0
149587	2	0	0
149598	7	0	0
149609	5	0	0
149620	5	0	0
149631	3	0	0
149642	3	0	0
149653	3	0	0
149664	4	0	0
149675	4	0	0
149686	4	0	0
149697	4	0	0
149708	3	0	0
149719	6	0	0
149730	3	0	0
149741	5	0	0
149752	4	0	0
149813	4095	0	0
149824	380	0	0
149885	604	0	0
149896	13	0	0
149907	15	0	0
149918	11	0	0
149929	8	0	0
149940	12	0	0
149951	11	0	0
149962	7	0	0
149973	8	0	0
149984	12	0	0
149995	8	0	0
150006	10	0	0
150017	6	0	0
150028	9	0	0
150039	7	0	0
150050	7	0	0
150061	8	0	0
150072	9	0	0
150083	8	0	0
150094	7	0	0
150105	7	0	0
150116	8	0	0
150127	8	0	0
150138	8	0	0
150149	8	0	0
150160	7	0	0
150171	7	0	0
150182	7	0	0
150193	8	0	0
150204	7	0	0
150215	6	0	0
150226	6	0	0
150237	8	0	0
150248	6	0	0
150259	5	0	0
150270	8	0	0
150281	3	0	0
150292	5	0	0
150303	4	0	0
150314	5	0	0
150375	1688	0	0
150386	355	0	0
150447	619	0	0
150458	18	0	0
150469	13	0	0
150480	10	0	0
150491	7	0	0
150502	6	0	0
150513	6	0	0
150524	6	0	0
150535	8	0	0
150546	4	0	0
150557	6	0	0
150568	5	0	0
150579	8	0	0
150590	5	0	0
150601	7	0	0
150612	2	0	0
150623	6	0	0
150634	4	0	0
150645	6	0	0
150656	6	0	0
150667	8	0	0
150678	7	0	0
150689	7	0	0
150700	5	0	0
150711	9	0	0
150722	5	0	0
150733	4	0	0
150744	5	0	0
150755	6	0	0
150766	6	0	0
150827	702	0	0
150888	697	0	0
150899	23	0	0
150910	20	0	0
150921	16	0	0
150932	13	0	0
150943	10	0	0
150954	10	0	0
150965	11	0	0
150976	8	0	0
150987	316	0	0
150998	0	0	0
151009	48	0	0
151020	250	0	0
151031	460	0	0
151092	649	0	0
151103	8	0	0
151114	9	0	0
151125	12	0	0
151136	7	0	0
151147	8	0	0
151158	8	0	0
151169	9	0	0
151230	2246	0	0
151241	153	0	0
151252	61	0	0
151263	28	0	0
151274	15	0	0
151285	11	0	0
151296	11	0	0
151307	9	0	0
151318	13	0	0
151329	9	0	0
151340	12	0	0
151351	10	0	0
151362	8	0	0
151373	10	0	0
151384	8	0	0
151395	10	0	0
151406	8	0	0
151417	8	0	0
151428	10	0	0
151439	9	0	0
151450	9	0	0
151461	8	0	0
151472	9	0	0
151483	7	0	0
151494	11	0	0
151505	10	0	0
151516	9	0	0
151527	11	0	0
151538	10	0	0
151549	9	0	0
151560	9	0	0
151571	10	0	0
151582	15	0	0
151593	9	0	0
151654	3779	0	0
151715	600	0	0
151726	35	0	0
151737	22	0	0
151748	14	0	0
151759	16	0	0
151770	14	0	0
151781	11	0	0
151792	13	0	0
151802	13	0	0
151813	9	0	0
151824	11	0	0
151835	9	0	0
151846	8	0	0
151857	8	0	0
151868	9	0	0
151879	8	0	0
151890	12	0	0
151901	6	0	0
151912	10	0	0
151923	9	0	0
151934	8	0	0
151945	8	0	0
151956	7	0	0
151967	8	0	0
151978	9	0	0
151989	8	0	0
152000	8	0	0
152011	5	0	0
152022	10	0	0
152033	8	0	0
152044	8	0	0
152055	9	0	0
152116	4095	0	0
152177	687	0	0
152188	14	0	0
152199	14	0	0
152210	14	0	0
152221	10	0	0
152232	10	0	0
152243	12	0	0
152254	11	0	0
152265	8	0	0
152276	9	0	0
152287	9	0	0
152298	10	0	0
152309	9	0	0
152320	9	0	0
152331	9	0	0
152342	7	0	0
152353	7	0	0
152364	7	0	0
152375	10	0	0
152386	8	0	0
152397	9	0	0
152408	10	0	0
152419	8	0	0
152430	7	0	0
152441	8	0	0
152452	7	0	0
152463	7	0	0
152474	8	0	0
152485	7	0	0
152496	5	0	0
152507	8	0	0
152518	8	0	0
152529	10	0	0
152540	6	0	0
152551	8	0	0
152562	8	0	0
152573	8	0	0
152584	9	0	0
152595	8	0	0
152606	10	0	0
152617	7	0	0
152628	9	0	0
152639	8	0	0
152650	8	0	0
152661	7	0	0
152672	8	0	0
152683	6	0	0
152694	7	0	0
152705	6	0	0
152716	7	0	0
152727	8	0	0
152738	7	0	0
152799	2441	0	0
152860	547	0	0
152871	10	0	0
152882	9	0	0
152893	9	0	0
152904	10	0	0
152915	8	0	0
152926	8	0	0
152937	5	0	0
152948	9	0	0
152959	5	0	0
152970	8	0	0
152981	7	0	0
152992	8	0	0
153003	6	0	0
153014	7	0	0
153025	9	0	0
153036	8	0	0
153047	6	0	0
153058	6	0	0
153069	5	0	0
153080	6	0	0
153091	6	0	0
153102	7	0	0
153113	7	0	0
153124	7	0	0
153135	7	0	0
153146	8	0	0
153157	5	0	0
153168	7	0	0
153179	10	0	0
153190	5	0	0
153201	7	0	0
153212	6	0	0
153223	7	0	0
153234	7	0	0
153245	9	0	0
153256	8	0	0
153267	7	0	0
153278	8	0	0
153289	8	0	0
153300	6	0	0
153311	9	0	0
153322	9	0	0
153333	7	0	0
153344	10	0	0
153355	8	0	0
153366	8	0	0
153377	9	0	0
153388	8	0	0
153399	7	0	0
153410	9	0	0
153421	10	0	0
153432	8	0	0
153443	7	0	0
153504	1479	0	0
153515	331	0	0
153576	690	0	0
153587	9	0	0
153598	8	0	0
153609	10	0	0
153620	8	0	0
153631	7	0	0
153642	12	0	0
153653	12	0	0
153664	8	0	0
153675	8	0	0
153686	8	0	0
153697	9	0	0
153708	9	0	0
153719	9	0	0
153730	7	0	0
153741	8	0	0
153752	8	0	0
153763	8	0	0
153774	7	0	0
153785	9	0	0
153796	8	0	0
153807	7	0	0
153818	8	0	0
153829	8	0	0
153840	8	0	0
153851	8	0	0
153862	9	0	0
153873	8	0	0
153884	8	0	0
153895	10	0	0
153906	8	0	0
153917	12	0	0
153928	7	0	0
153939	7	0	0
153950	8	0	0
153961	8	0	0
153972	9	0	0
153983	12	0	0
153994	8	0	0
154005	10	0	0
154016	8	0	0
154027	9	0	0
154038	9	0	0
154049	9	0	0
154060	9	0	0
154121	561	0	0
154132	313	0	0
154193	703	0	0
154204	11	0	0
154215	8	0	0
154226	11	0	0
154237	10	0	0
154248	8	0	0
154259	8	0	0
154270	8	0	0
154281	9	0	0
154292	8	0	0
154303	9	0	0
154314	9	0	0
154325	6	0	0
154336	8	0	0
154347	8	0	0
154358	9	0	0
154369	7	0	0
154380	6	0	0
154391	7	0	0
154402	8	0	0
154413	6	0	0
154424	7	0	0
154435	8	0	0
154446	7	0	0
154457	7	0	0
154468	7	0	0
154479	5	0	0
154490	6	0	0
154501	8	0	0
154512	5	0	0
154523	7	0	0
154534	7	0	0
154545	6	0	0
154556	7	0	0
154567	6	0	0
154578	10	0	0
154589	7	0	0
154600	8	0	0
154611	7	0	0
154622	8	0	0
154633	6	0	0
154644	5	0	0
154655	4	0	0
154666	6	0	0
154677	8	0	0
154688	7	0	0
154699	6	0	0
154710	5	0	0
154721	5	0	0
154732	4	0	0
154743	9	0	0
154754	7	0	0
154765	4	0	0
154776	6	0	0
154787	7	0	0
154798	6	0	0
154809	5	0	0
154820	5	0	0
154831	6	0	0
154842	8	0	0
154853	7	0	0
154864	7	0	0
154875	8	0	0
154886	12	0	0
154897	6	0	0
154908	8	0	0
154919	7	0	0
154930	7	0	0
154941	8	0	0
154952	6	0	0
154963	7	0	0
154974	6	0	0
154985	4	0	0
154996	7	0	0
155007	6	0	0
155018	6	0	0
155029	6	0	0
155040	7	0	0
155051	7	0	0
155062	4	0	0
155073	6	0	0
155084	10	0	0
155095	7	0	0
155106	6	0	0
155117	11	0	0
155128	6	0	0
155139	6	0	0
155150	6	0	0
155161	6	0	0
155172	7	0	0
155183	9	0	0
155194	7	0	0
155205	8	0	0
155216	5	0	0
155227	6	0	0
155238	6	0	0
155249	5	0	0
155260	4	0	0
155271	6	0	0
155282	4	0	0
155293	6	0	0
155304	6	0	0
155315	6	0	0
155326	6	0	0
155337	5	0	0
155348	6	0	0
155359	6	0	0
155370	7	0	0
155381	7	0	0
155392	5	0	0
155403	6	0	0
155414	6	0	0
155425	7	0	0
155436	7	0	0
155447	6	0	0
155458	5	0	0
155469	6	0	0
155480	5	0	0
155491	7	0	0
155502	10	0	0
155513	6	0	0
155524	10	0	0
155535	8	0	0
155546	7	0	0
155607	3134	0	0
155668	648	0	0
155679	16	0	0
155690	20	0	0
155701	13	0	0
155712	16	0	0
155723	15	0	0
155734	15	0	0
155745	10	0	0
155756	14	0	0
155767	15	0	0
155778	6	0	0
155789	11	0	0
155800	11	0	0
155811	15	0	0
155822	9	0	0
155833	14	0	0
155844	10	0	0
155855	15	0	0
155866	11	0	0
155877	12	0	0
155888	11	0	0
155899	10	0	0
155910	9	0	0
155921	12	0	0
155932	12	0	0
155943	9	0	0
155954	10	0	0
155965	9	0	0
155976	10	0	0
155987	9	0	0
155998	10	0	0
156009	10	0	0
156020	11	0	0
156031	8	0	0
156042	7	0	0
156053	9	0	0
156064	4	0	0
156075	8	0	0
156086	7	0	0
156097	9	0	0
156108	11	0	0
156119	7	0	0
156130	7	0	0
156141	9	0	0
156152	7	0	0
156163	7	0	0
156174	8	0	0
156185	8	0	0
156196	7	0	0
156207	5	0	0
156218	6	0	0
156229	7	0	0
156240	7	0	0
156251	8	0	0
156262	7	0	0
156273	6	0	0
156284	6	0	0
156295	6	0	0
156306	5	0	0
156317	8	0	0
156328	5	0	0
156339	7	0	0
156350	8	0	0
156361	9	0	0
156372	10	0	0
156383	7	0	0
156394	6	0	0
156405	8	0	0
156416	6	0	0
156427	7	0	0
156438	6	0	0
156449	6	0	0
156460	9	0	0
156471	8	0	0
156482	7	0	0
156493	7	0	0
156554	1070	0	0
156565	84	0	0
156576	126	0	0
156587	7	0	0
156598	36	0	0
156609	0	0	0
156620	0	0	0
156631	3	0	0
156642	1	0	0
156653	2	0	0
156664	6	0	0
156675	6	0	0
156686	7	0	0
156697	12	0	0
156708	6	0	0
156719	6	0	0
156730	6	0	0
156741	6	0	0
156752	4	0	0
156763	6	0	0
156774	7	0	0
156785	4	0	0
156796	6	0	0
156807	9	0	0
156818	7	0	0
156829	8	0	0
156840	9	0	0
156851	5	0	0
156862	8	0	0
156873	7	0	0
156884	7	0	0
156895	8	0	0
156906	7	0	0
156917	7	0	0
156928	9	0	0
156939	11	0	0
156950	6	0	0
156961	8	0	0
156972	7	0	0
156983	8	0	0
156994	6	0	0
157005	5	0	0
157016	6	0	0
157027	8	0	0
157038	7	0	0
157049	9	0	0
157060	7	0	0
157071	11	0	0
157082	7	0	0
157093	7	0	0
157104	10	0	0
157115	7	0	0
157126	9	0	0
157137	9	0	0
157148	8	0	0
157159	9	0	0
157170	9	0	0
157181	10	0	0
157192	7	0	0
157203	9	0	0
157214	7	0	0
157225	9	0	0
157236	9	0	0
157247	7	0	0
157258	9	0	0
157269	8	0	0
157280	6	0	0
157291	8	0	0
157302	6	0	0
157313	7	0	0
157324	8	0	0
157335	8	0	0
157346	8	0	0
157357	8	0	0
157368	7	0	0
157379	7	0	0
157390	8	0	0
157401	6	0	0
157412	8	0	0
157423	8	0	0
157434	10	0	0
157445	8	0	0
157456	8	0	0
157467	7	0	0
157478	8	0	0
157539	3522	0	0
157550	364	0	0
157611	686	0	0
157622	0	0	0
157633	10	0	0
157644	17	0	0
157655	10	0	0
157666	18	0	0
157677	10	0	0
157688	16	0	0
157699	16	0	0
157710	15	0	0
157721	21	0	0
157732	17	0	0
157743	12	0	0
157754	15	0	0
157765	11	0	0
157776	15	0	0
157787	12	0	0
157798	12	0	0
157809	11	0	0
157820	14	0	0
157831	13	0	0
157842	13	0	0
157853	13	0	0
157864	11	0	0
157875	15	0	0
157886	12	0	0
157897	12	0	0
157908	13	0	0
157919	17	0	0
157930	11	0	0
157941	12	0	0
157952	12	0	0
157963	11	0	0
157974	15	0	0
157985	11	0	0
157996	10	0	0
158007	11	0	0
158018	10	0	0
158029	9	0	0
158040	14	0	0
158051	7	0	0
158062	10	0	0
158073	12	0	0
158084	10	0	0
158095	9	0	0
158106	11	0	0
158117	9	0	0
158128	9	0	0
158139	8	0	0
158150	10	0	0
158161	9	0	0
158172	9	0	0
158183	10	0	0
158194	11	0	0
158205	13	0	0
158216	10	0	0
158227	9	0	0
158238	13	0	0
158249	9	0	0
158260	11	0	0
158271	11	0	0
158282	10	0	0
158293	9	0	0
158304	11	0	0
158315	11	0	0
158326	10	0	0
158337	10	0	0
158348	10	0	0
158359	10	0	0
158370	11	0	0
158381	11	0	0
158392	10	0	0
158403	8	0	0
158414	10	0	0
158425	9	0	0
158436	10	0	0
158447	8	0	0
158458	10	0	0
158469	8	0	0
158480	9	0	0
158491	10	0	0
158502	9	0	0
158513	8	0	0
158524	10	0	0
158535	7	0	0
158596	1144	0	0
158657	1643	0	0
158668	17	0	0
158679	30	0	0
158690	22	0	0
158701	17	0	0
158712	25	0	0
158723	14	0	0
158734	16	0	0
158745	18	0	0
158756	15	0	0
158767	18	0	0
158778	11	0	0
158789	10	0	0
158800	13	0	0
158811	13	0	0
158822	13	0	0
158833	11	0	0
158844	13	0	0
158855	13	0	0
158866	12	0	0
158877	13	0	0
158888	12	0	0
158899	16	0	0
158910	12	0	0
158921	13	0	0
158932	11	0	0
158943	11	0	0
158954	13	0	0
158965	11	0	0
158976	11	0	0
158987	10	0	0
158998	8	0	0
159009	11	0	0
159020	11	0	0
159031	9	0	0
159042	10	0	0
159053	9	0	0
159064	7	0	0
159075	10	0	0
159086	10	0	0
159097	9	0	0
159108	11	0	0
159119	14	0	0
159130	11	0	0
159141	11	0	0
159152	8	0	0
159163	11	0	0
159174	12	0	0
159185	11	0	0
159196	10	0	0
159207	10	0	0
159218	11	0	0
159229	10	0	0
159240	10	0	0
159251	10	0	0
159262	15	0	0
159273	10	0	0
159284	9	0	0
159295	11	0	0
159306	9	0	0
159367	4053	0	0
159428	1628	0	0
159439	50	0	0
159450	28	0	0
159461	36	0	0
159472	22	0	0
159483	22	0	0
159494	21	0	0
159505	18	0	0
159516	15	0	0
159527	15	0	0
159538	19	0	0
159549	15	0	0
159560	16	0	0
159571	17	0	0
159582	12	0	0
159593	13	0	0
159604	16	0	0
159615	16	0	0
159626	15	0	0
159637	14	0	0
159648	20	0	0
159659	15	0	0
159670	13	0	0
159681	9	0	0
159692	13	0	0
159703	14	0	0
159714	13	0	0
159725	14	0	0
159736	12	0	0
159747	14	0	0
159758	13	0	0
159769	13	0	0
159780	13	0	0
159791	13	0	0
159802	13	0	0
159813	13	0	0
159824	13	0	0
159835	13	0	0
159846	13	0	0
159857	11	0	0
159868	12	0	0
159879	10	0	0
159890	9	0	0
159901	11	0	0
159912	12	0	0
159923	13	0	0
159934	11	0	0
159945	11	0	0
159956	11	0	0
159967	12	0	0
159978	11	0	0
159989	13	0	0
160000	10	0	0
160011	13	0	0
160022	11	0	0
160033	9	0	0
160044	11	0	0
160055	14	0	0
160066	11	0	0
160077	12	0	0
160088	11	0	0
160099	11	0	0
160110	11	0	0
160171	1901	0	0
160232	925	0	0
160243	62	0	0
160254	35	0	0
160265	27	0	0
160276	21	0	0
160287	16	0	0
160298	17	0	0
160309	19	0	0
160320	15	0	0
160331	16	0	0
160342	15	0	0
160353	13	0	0
160364	14	0	0
160375	18	0	0
160386	14	0	0
160397	12	0	0
160408	13	0	0
160419	15	0	0
160430	12	0	0
160441	11	0	0
160452	13	0	0
160463	13	0	0
160474	11	0	0
160485	10	0	0
160496	12	0	0
160507	12	0	0
160518	10	0	0
160529	10	0	0
160540	12	0	0
160551	12	0	0
160562	12	0	0
160573	10	0	0
160584	14	0	0
160595	12	0	0
160606	12	0	0
160617	9	0	0
160628	10	0	0
160639	10	0	0
160650	10	0	0
160661	9	0	0
160672	10	0	0
160683	11	0	0
160694	10	0	0
160705	10	0	0
160716	10	0	0
160727	11	0	0
160738	10	0	0
160749	9	0	0
160760	8	0	0
160771	9	0	0
160782	9	0	0
160793	9	0	0
160804	13	0	0
160815	8	0	0
160826	12	0	0
160837	11	0	0
160848	9	0	0
160859	8	0	0
160870	7	0	0
160881	8	0	0
160892	12	0	0
160903	10	0	0
160914	10	0	0
160925	10	0	0
160936	9	0	0
160947	9	0	0
160958	11	0	0
160969	8	0	0
160980	8	0	0
160991	10	0	0
161002	11	0	0
161013	8	0	0
161024	9	0	0
161035	9	0	0
161046	9	0	0
161057	7	0	0
161068	7	0	0
161079	10	0	0
161090	9	0	0
161101	7	0	0
161112	11	0	0
161123	10	0	0
161134	9	0	0
161145	9	0	0
161156	11	0	0
161167	12	0	0
161178	9	0	0
161189	10	0	0
161200	9	0	0
161211	9	0	0
161222	9	0	0
161233	8	0	0
161244	11	0	0
161255	11	1	1
161266	8	1	1
161277	7	1	1
161288	9	1	1
161299	8	1	1
161310	9	1	1
161321	8	1	1
161332	7	1	1
161343	8	1	1
161354	9	1	1
161365	8	1	1
161376	8	1	1
161387	8	1	1
161398	9	1	1
161409	9	1	1
161420	8	1	1
161431	8	1	1
161442	9	1	1
161453	9	1	1
161464	11	1	1
161475	10	1	1
161486	8	1	1
161497	9	1	1
161508	7	1	1
161519	7	1	1
161530	9	1	1
161541	9	1	1
161552	6	1	1
161563	7	1	1
161574	8	1	1
161585	9	1	1
161596	8	1	1
161607	8	1	1
161618	8	1	1
161629	8	0	1
161640	8	0	1
161651	10	0	1
161662	7	0	1
161673	9	0	1
161684	7	0	1
161695	9	0	1
161706	8	0	1
161717	7	0	1
161728	7	0	1
161739	7	0	1
161750	8	0	1
161761	8	0	1
161772	8	0	1
161783	7	0	1
161794	7	0	1
161805	8	0	1
161816	7	0	1
161827	7	0	1
161838	8	0	1
161849	5	0	1
161860	8	0	1
161871	8	0	1
161882	7	0	1
161893	6	0	1
161904	8	0	1
161915	14	0	1
161926	8	0	1
161937	6	0	1
161948	9	0	1
161959	6	0	1
161970	6	0	1
161981	6	0	1
161992	9	0	1
162003	8	0	1
162014	8	0	1
162025	7	0	1
162036	6	0	1
162047	6	0	1
162058	6	0	1
162069	6	0	1
162080	8	0	1
162091	10	0	1
162102	6	0	1
162113	7	0	1
162124	8	0	1
162135	5	0	1
162146	7	0	1
162157	8	0	1
162168	5	0	1
162179	7	0	1
162190	8	0	1
162201	6	0	1
162212	6	0	1
162223	6	0	1
162234	5	0	1
162245	5	0	1
162256	8	0	1
162267	7	0	1
162278	6	0	1
162289	9	0	1
162300	6	0	1
162311	5	0	1
162322	9	0	1
162333	8	0	1
162344	4	0	1
162355	341	0	1
162366	0	0	1
162377	14	0	1
162388	125	0	1
162399	125	0	1
162410	47	0	1
162421	68	0	1
162432	272	0	1
162443	437	0	1
162454	59	0	1
162515	553	0	1
162526	0	0	1
162537	0	0	1
162548	0	0	1
162559	0	0	1
162570	1	0	1
162581	0	0	1
162592	0	0	1
162603	1	0	1
162614	1	0	1
162625	3	0	1
162636	5	0	1
162647	4	0	1
162658	4	0	1
162669	3	0	1
162680	2	0	1
162691	4	0	1
162702	3	0	1
162713	3	0	1
162724	4	0	1
162735	4	0	1
162746	7	0	1
162757	6	0	1
162768	4	0	1
162779	7	0	1
162790	7	0	1
162801	6	0	1
162812	7	0	1
162823	11	0	1
162834	7	0	1
162845	6	0	1
162856	12	0	1
162917	4095	0	1
162978	527	0	1
162989	62	0	1
163000	35	0	1
163011	23	0	1
163022	17	0	1
163033	19	0	1
163044	16	0	1
163055	13	0	1
163066	13	0	1
163077	13	0	1
163088	13	0	1
163099	11	0	1
163110	13	0	1
163121	12	0	1
163132	13	0	1
163143	14	0	1
163154	12	0	1
163165	10	0	1
163176	11	0	1
163187	8	0	1
163198	12	0	1
163209	10	0	1
163220	8	0	1
163231	12	0	1
163242	10	0	1
163253	11	0	1
163264	15	0	1
163275	9	0	1
163286	10	0	1
163297	9	0	1
163308	12	0	1
163319	8	0	1
163330	11	0	1
163341	10	0	1
163352	11	0	1
163363	9	0	1
163374	10	0	1
163385	10	0	1
163396	10	0	1
163407	9	0	1
163418	9	0	1
163429	8	0	1
163440	11	0	1
163451	9	0	1
163462	10	0	1
163473	7	0	1
163484	8	0	1
163495	10	0	1
163506	9	0	1
163517	8	0	1
163528	9	0	1
163539	9	0	1
163550	11	0	1
163561	10	0	1
163572	8	0	1
163633	2645	0	1
163694	569	0	1
163705	60	0	1
163716	42	0	1
163727	28	0	1
163738	23	0	1
163749	21	0	1
163760	20	0	1
163771	20	0	1
163782	18	0	1
163793	20	0	1
163804	16	0	1
163815	14	0	1
163826	15	0	1
163837	15	0	1
163848	16	0	1
163859	15	0	1
163870	11	0	1
163881	13	0	1
163892	14	0	1
163903	12	0	1
163914	13	0	1
163925	13	0	1
163936	13	0	1
163947	11	0	1
163958	16	0	1
163969	11	0	1
163980	12	0	1
163991	12	0	1
164002	12	0	1
164013	11	0	1
164024	11	0	1
164035	10	0	1
164046	11	0	1
164057	10	0	1
164068	13	0	1
164079	11	0	1
164090	12	0	1
164101	10	0	1
164112	15	0	1
164123	11	0	1
164134	11	0	1
164145	9	0	1
164156	12	0	1
164167	11	0	1
164178	10	0	1
164189	10	0	1
164200	12	0	1
164211	11	0	1
164222	14	0	1
164233	9	0	1
164244	9	0	1
164255	12	0	1
164266	13	0	1
164277	13	0	1
164288	12	0	1
164299	11	0	1
164310	12	0	1
164321	9	0	1
164332	10	0	1
164343	16	0	1
164354	12	0	1
164365	9	0	1
164376	9	0	1
164387	11	0	1
164398	11	0	1
164409	10	0	1
164420	9	0	1
164431	10	0	1
164442	10	0	1
164453	9	0	1
164464	10	0	1
164475	9	0	1
164486	10	0	1
164497	10	0	1
164508	13	0	1
164519	11	1	2
164530	9	1	2
164541	8	1	2
164552	9	1	2
164563	9	1	2
164574	8	1	2
164585	8	1	2
164596	7	0	2
164607	10	0	2
164618	8	0	2
164629	9	0	2
164640	9	0	2
164651	9	0	2
164662	9	0	2
164673	8	0	2
164684	7	0	2
164695	9	0	2
164706	11	0	2
164717	7	0	2
164728	10	0	2
164739	11	0	2
164750	9	0	2
164761	11	0	2
164772	13	0	2
164783	11	0	2
164794	11	0	2
164805	10	0	2
164816	9	0	2
164827	8	0	2
164838	10	0	2
164849	9	0	2
164860	7	0	2
164871	7	0	2
164882	7	0	2
164943	2774	0	2
164954	91	0	2
165015	655	0	2
165026	75	0	2
165037	32	0	2
165048	21	0	2
165059	15	0	2
165070	18	0	2
165081	14	0	2
165092	13	0	2
165103	15	0	2
165114	14	0	2
165125	12	0	2
165136	14	0	2
165147	13	0	2
165158	13	0	2
165169	11	0	2
165180	13	0	2
165191	12	0	2
165202	11	0	2
165213	11	0	2
165224	13	0	2
165235	10	0	2
165246	12	0	2
165257	11	0	2
165268	11	0	2
165279	11	0	2
165290	10	0	2
165301	10	0	2
165312	11	0	2
165323	12	0	2
165334	11	0	2
165345	11	0	2
165356	10	0	2
165367	11	0	2
165378	14	0	2
165389	13	0	2
165450	3098	0	2
165511	1053	0	2
165522	163	0	2
165533	81	0	2
165544	46	0	2
165555	38	0	2
165566	52	0	2
165577	26	0	2
165588	26	0	2
165599	21	0	2
165610	22	0	2
165621	28	0	2
165632	19	0	2
165643	22	0	2
165704	2882	0	2
165715	100	0	2
165726	41	0	2
165737	61	0	2
165748	13	0	2
165759	38	0	2
165770	16	0	2
165781	30	0	2
165792	18	0	2
165803	17	0	2
165814	22	0	2
165825	15	0	2
165836	18	0	2
165847	19	0	2
165858	22	0	2
165869	18	0	2
165880	18	0	2
165891	23	0	2
165902	18	0	2
165913	17	0	2
165924	15	0	2
165935	17	0	2
165946	16	0	2
165957	16	0	2
165968	15	0	2
165979	15	0	2
165990	17	0	2
166001	17	0	2
166012	16	0	2
166023	18	0	2
166034	15	0	2
166045	17	0	2
166056	12	0	2
166117	2657	0	2
166178	844	0	2
166189	35	0	2
166200	20	0	2
166211	17	0	2
166222	20	0	2
166233	15	0	2
166244	0	0	2
166305	1209	0	2
166316	170	0	2
166327	57	0	2
166338	67	0	2
166349	18	0	2
166360	24	0	2
166371	11	0	2
166382	25	0	2
166393	13	0	2
166404	11	0	2
166465	1537	0	2
166476	170	0	2
166487	57	0	2
166498	37	0	2
166509	29	0	2
166520	15	0	2
166531	18	0	2
166542	18	0	2
166553	16	0	2
166564	0	0	2
166625	1113	0	2
166636	183	0	2
166647	58	0	2
166658	49	0	2
166669	20	0	2
166680	16	0	2
166691	21	0	2
166702	19	0	2
166713	17	0	2
166724	17	0	2
166735	13	0	2
166746	16	0	2
166757	17	0	2
166768	18	0	2
166779	14	0	2
166790	13	0	2
166801	14	0	2
166812	12	0	2
166822	18	0	2
166833	15	0	2
166844	14	0	2
166905	2644	0	2
166966	592	0	2
166977	6	0	2
166988	10	0	2
166999	8	0	2
167010	17	0	2
167021	11	0	2
167032	0	0	2
167043	144	0	2
167054	0	0	2
167065	100	0	2
167076	281	0	2
167087	382	0	2
167098	305	0	2
167109	102	0	2
167120	17	0	2
167131	13	0	2
167142	37	0	2
167153	5	0	2
167164	11	0	2
167175	3	0	2
167186	8	0	2
167247	748	0	2
167258	447	0	2
167269	167	0	2
167280	85	0	2
167291	27	0	2
167302	14	0	2
167313	5	0	2
167324	14	0	2
167335	18	0	2
167346	9	0	2
167357	147	0	2
167368	174	0	2
167379	0	0	2
167390	278	0	2
167401	460	0	2
167412	413	0	2
167423	164	0	2
167434	84	0	2
167445	23	0	2
167456	16	0	2
167467	9	0	2
167478	12	0	2
167489	23	0	2
167500	6	0	2
167511	13	0	2
167522	0	0	2
167533	441	0	2
167544	10	0	2
167555	223	0	2
167566	440	0	2
167627	548	0	2
167638	6	0	2
167649	11	0	2
167660	7	0	2
167671	12	0	2
167732	578	0	2
167793	621	0	2
167804	8	0	2
167815	24	0	2
167826	10	0	2
167887	751	0	2
167948	1122	0	2
167959	18	0	2
167970	15	0	2
167981	17	0	2
167992	13	0	2
168053	1252	0	2
168114	760	0	2
168125	9	0	2
168136	17	0	2
168147	5	0	2
168158	17	0	2
168219	1208	0	2
168230	355	0	2
168241	116	0	2
168252	17	0	2
168263	21	0	2
168274	26	0	2
168285	16	0	2
168296	26	0	2
168307	16	0	2
168368	889	0	2
168379	330	0	2
168390	119	0	2
168401	70	0	2
168412	21	0	2
168423	36	0	2
168434	3	0	2
168445	12	0	2
168456	11	0	2
168467	10	0	2
168528	1306	0	2
168539	321	0	2
168550	101	0	2
168561	89	0	2
168572	1	0	2
168583	11	0	2
168594	3	0	2
168605	11	0	2
168616	17	0	2
168627	10	0	2
168638	0	0	2
168649	400	0	2
168660	0	0	2
168671	138	0	2
168682	368	0	2
168693	494	0	2
168754	561	0	2
168765	2	0	2
168776	14	0	2
168787	2	0	2
168798	16	0	2
168809	44	0	2
168820	0	0	2
168831	266	0	2
168892	648	0	2
168903	4	0	2
168914	15	0	2
168925	9	0	2
168936	15	0	2
168947	14	0	2
168958	9	0	2
169019	858	0	2
169030	436	0	2
169041	197	0	2
169052	68	0	2
169063	28	0	2
169074	23	0	2
169085	18	0	2
169096	5	0	2
169107	23	0	2
169168	3135	0	2
169229	2708	0	2
169240	37	0	2
169251	31	0	2
169262	38	0	2
169273	21	0	2
169284	30	0	2
169295	23	0	2
169306	22	0	2
169317	21	0	2
169328	23	0	2
169339	20	0	2
169350	15	0	2
169361	18	0	2
169372	17	0	2
169383	16	0	2
169394	16	0	2
169405	16	0	2
169416	15	0	2
169427	0	0	2
169438	389	0	2
169449	0	0	2
169460	97	0	2
169521	811	0	2
169532	185	0	2
169543	89	0	2
169554	69	0	2
169565	24	0	2
169576	29	0	2
169587	20	0	2
169598	22	0	2
169659	4095	0	2
169720	1948	0	2
169731	14	0	2
169742	28	0	2
169753	24	0	2
169764	23	0	2
169775	20	0	2
169786	21	0	2
169797	14	0	2
169808	24	0	2
169819	17	0	2
169830	17	0	2
169841	19	0	2
169852	18	0	2
169863	18	0	2
169874	19	0	2
169885	21	0	2
169946	3686	0	2
170007	1889	0	2
170018	59	0	2
170029	28	0	2
170040	29	0	2
170051	22	0	2
170062	23	0	2
170123	3009	0	2
170184	2458	0	2
170195	32	0	2
170206	23	0	2
170217	38	0	2
170228	23	0	2
170239	24	0	2
170250	18	0	2
170261	16	0	2
170272	21	0	2
170283	17	0	2
170294	19	0	2
170305	17	0	2
170316	17	0	2
170327	22	0	2
170338	21	0	2
170349	20	0	2
170360	18	0	2
170421	1962	0	2
170482	961	0	2
170493	24	0	2
170504	33	0	2
170515	25	0	2
170576	4095	0	2
170637	2425	0	2
170648	50	0	2
170659	32	0	2
170670	25	0	2
170681	22	0	2
170692	25	0	2
170703	22	0	2
170714	24	0	2
170725	25	0	2
170736	17	0	2
170747	18	0	2
170758	22	0	2
170769	23	0	2
170780	19	0	2
170791	16	0	2
170802	20	0	2
170813	17	0	2
170824	19	0	2
170885	2787	0	2
170946	1672	0	2
170957	27	0	2
170968	21	0	2
170979	22	0	2
170990	0	0	2
171001	0	0	2
171012	0	0	2
171023	444	0	2
171084	1353	0	2
171095	65	0	2
171106	37	0	2
171117	32	0	2
171128	22	0	2
171139	25	0	2
171150	24	0	2
171161	23	0	2
171172	20	0	2
171183	22	0	2
171194	21	0	2
171205	20	0	2
171216	18	0	2
171227	22	0	2
171238	23	0	2
171249	17	0	2
171260	18	0	2
171271	16	0	2
171332	2185	0	2
171343	291	0	2
171404	620	0	2
171415	13	0	2
171426	17	0	2
171437	19	0	2
171448	17	0	2
171459	16	0	2
171470	243	0	2
171481	407	0	2
171492	148	0	2
171503	103	0	2
171514	25	0	2
171525	15	0	2
171536	20	0	2
171547	2	0	2
171558	10	0	2
171569	11	0	2
171580	12	0	2
171591	14	0	2
171602	13	0	2
171613	14	0	2
171624	18	0	2
171635	8	0	2
171646	10	0	2
171657	17	0	2
171668	13	0	2
171679	14	0	2
171690	14	0	2
171701	14	0	2
171712	14	0	2
171723	14	0	2
171734	13	0	2
171795	2171	0	2
171806	168	0	2
171817	72	0	2
171828	35	0	2
171839	26	0	2
171850	20	0	2
171861	22	0	2
171872	19	0	2
171883	19	0	2
171894	15	0	2
171955	2592	0	2
172016	1111	0	2
172027	0	0	2
172038	0	0	2
172049	9	0	2
172110	524	0	2
172171	1112	0	2
172182	110	0	2
172193	0	0	2
172204	0	0	2
172215	13	0	2
172226	18	0	2
172237	16	0	2
172248	16	0	2
172259	16	0	2
172270	17	0	2
172281	17	0	2
172292	18	0	2
172303	19	0	2
172314	18	0	2
172325	18	0	2
172336	17	0	2
172347	17	0	2
172358	19	0	2
172419	4095	0	2
172430	175	0	2
172441	40	0	2
172452	89	0	2
172463	0	0	2
172474	77	0	2
172485	64	0	2
172496	27	0	2
172507	7	0	2
172518	8	0	2
172579	3237	0	2
172590	181	0	2
172601	55	0	2
172612	5	0	2
172623	0	0	2
172634	65	0	2
172645	60	0	2
172656	38	0	2
172717	2066	0	2
172728	456	0	2
172739	284	0	2
172750	35	0	2
172761	143	0	2
172772	0	0	2
172783	56	0	2
172794	61	0	2
172805	18	0	2
172816	3	0	2
172827	45	0	2
172838	144	0	2
172849	168	0	2
172910	573	0	2
172921	89	0	2
172932	169	0	2
172943	64	0	2
172954	1	0	2
172965	8	0	2
172976	3	0	2
172987	11	0	2
172998	18	0	2
173009	20	0	2
173020	22	0	2
173031	19	0	2
173042	21	0	2
173053	21	0	2
173064	20	0	2
173075	19	0	2
173086	20	0	2
173097	20	0	2
173108	18	0	2
173119	20	0	2
173130	17	0	2
173191	4095	0	2
173252	562	0	2
173263	0	0	2
173274	0	0	2
173285	2	0	2
173296	13	0	2
173357	2030	0	2
173418	877	0	2
173429	17	0	2
173440	47	0	2
173451	39	0	2
173462	33	0	2
173473	29	0	2
173484	26	0	2
173495	25	0	2
173506	21	0	2
173517	20	0	2
173528	21	0	2
173539	20	0	2
173550	16	0	2
173561	19	0	2
173572	20	0	2
173583	19	0	2
173594	17	0	2
173605	19	0	2
173666	3873	0	2
173727	757	0	2
173738	38	0	2
173749	0	0	2
173760	17	0	2
173771	25	0	2
173782	26	0	2
173793	26	0	2
173804	26	0	2
173815	24	0	2
173826	22	0	2
173837	24	0	2
173848	22	0	2
173859	21	0	2
173870	21	0	2
173881	19	0	2
173892	20	0	2
173903	24	0	2
173914	19	0	2
173975	4095	0	2
174036	615	0	2
174047	34	0	2
174058	5	0	2
174069	12	0	2
174080	21	0	2
174091	22	0	2
174102	19	0	2
174113	20	0	2
174124	17	0	2
174135	19	0	2
174146	17	0	2
174157	18	0	2
174168	17	0	2
174179	14	0	2
174190	15	0	2
174201	15	0	2
174212	16	0	2
174223	19	0	2
174284	2311	0	2
174295	60	0	2
174306	139	0	2
174317	7	0	2
174328	0	0	2
174339	31	0	2
174350	36	0	2
174361	26	0	2
174372	21	0	2
174433	4095	0	2
174444	290	0	2
174455	119	0	2
174466	26	0	2
174477	0	0	2
174488	81	0	2
174499	34	0	2
174560	1371	0	2
174621	2506	0	2
174632	10	0	2
174643	89	0	2
174654	2	0	2
174665	0	0	2
174726	677	0	2
174787	3063	0	2
174798	2	0	2
174809	78	0	2
174820	33	0	2
174831	1	0	2
174842	12	0	2
174853	28	0	2
174864	21	0	2
174875	22	0	2
174886	20	0	2
174897	24	0	2
174908	18	0	2
174919	23	0	2
174930	18	0	2
174941	19	0	2
174952	16	0	2
174963	21	0	2
175024	3222	0	2
175035	460	0	2
175046	262	0	2
175057	33	0	2
175068	114	0	2
175079	0	0	2
175090	0	0	2
175101	13	0	2
175112	30	0	2
175123	284	0	2
175134	0	0	2
175145	0	0	2
175156	333	0	2
175217	968	0	2
175228	94	0	2
175239	0	0	2
175250	9	0	2
175261	33	0	2
175272	30	0	2
175283	23	0	2
175294	20	0	2
175305	21	0	2
175316	17	0	2
175327	20	0	2
175338	18	0	2
175349	20	0	2
175360	18	0	2
175371	20	0	2
175382	19	0	2
175393	18	0	2
175404	19	0	2
175415	18	0	2
175426	17	0	2
175437	19	0	2
175448	17	0	2
175459	19	0	2
175470	20	0	2
175531	3318	0	2
175592	1806	0	2
175603	118	0	2
175614	28	0	2
175625	0	0	2
175636	13	0	2
175647	0	0	2
175658	402	0	2
175669	0	0	2
175680	252	0	2
175741	933	0	2
175752	52	0	2
175763	8	0	2
175774	57	0	2
175785	48	0	2
175796	29	0	2
175807	26	0	2
175818	23	0	2
175829	24	0	2
175840	20	0	2
175851	20	0	2
175862	19	0	2
175873	20	0	2
175884	19	0	2
175895	17	0	2
175906	18	0	2
175917	19	0	2
175928	18	0	2
175939	17	0	2
176000	2165	0	2
176011	423	0	2
176022	263	0	2
176033	44	0	2
176044	102	0	2
176055	12	0	2
176066	0	0	2
176077	34	0	2
176088	37	0	2
176099	30	0	2
176110	27	0	2
176121	22	0	2
176132	19	0	2
176143	17	0	2
176154	19	0	2
176165	18	0	2
176176	14	0	2
176187	18	0	2
176198	18	0	2
176209	16	0	2
176220	17	0	2
176281	4095	0	2
176292	353	0	2
176303	50	0	2
176314	136	0	2
176325	15	0	2
176336	51	0	2
176347	49	0	2
176358	22	0	2
176369	13	0	2
176430	2779	0	2
176441	308	0	2
176452	73	0	2
176463	104	0	2
176474	0	0	2
176485	26	0	2
176496	43	0	2
176507	37	0	2
176518	29	0	2
176529	25	0	2
176590	980	0	2
176601	264	0	2
176612	20	0	2
176623	34	0	2
176634	1	0	2
176645	69	0	2
176656	7	0	2
176667	0	0	2
176728	2665	0	2
176789	1246	0	2
176800	74	0	2
176811	14	0	2
176822	0	0	2
176833	17	0	2
176894	1148	0	2
176905	477	0	2
176916	192	0	2
176927	16	0	2
176938	24	0	2
176949	0	0	2
176960	66	0	2
176971	21	0	2
176982	5	0	2
177043	1285	0	2
177104	1315	0	2
177115	66	0	2
177126	12	0	2
177137	0	0	2
177198	3447	0	2
177259	708	0	2
177270	0	0	2
177281	27	0	2
177292	26	0	2
177353	1022	0	2
177414	1254	0	2
177425	6	0	2
177436	0	0	2
177447	23	0	2
177458	28	0	2
177519	1953	0	2
177530	410	0	2
177541	217	0	2
177552	29	0	2
177563	86	0	2
177574	0	0	2
177585	29	0	2
177596	43	0	2
177607	29	0	2
177618	25	0	2
177679	985	0	2
177690	267	0	2
177701	200	0	2
177712	23	0	2
177723	73	0	2
177734	5	0	2
177745	0	0	2
177756	23	0	2
177767	30	0	2
177828	1300	0	2
177889	1230	0	2
177900	43	0	2
177911	0	0	2
177922	0	0	2
177933	12	0	2
177944	10	0	2
177955	9	0	2
177966	21	0	2
177977	16	0	2
177988	24	0	2
177999	18	0	2
178010	19	0	2
178021	18	0	2
178032	16	0	2
178043	16	0	2
178054	16	0	2
178065	15	0	2
178076	16	0	2
178087	191	0	2
178148	1919	0	2
178159	451	0	2
178170	248	0	2
178181	70	0	2
178192	29	0	2
178203	70	0	2
178214	48	0	2
178225	34	0	2
178236	34	0	2
178247	29	0	2
178258	19	0	2
178269	21	0	2
178280	21	0	2
178291	19	0	2
178302	18	0	2
178313	18	0	2
178324	16	0	2
178335	19	0	2
178346	16	0	2
178357	16	0	2
178368	17	0	2
178379	14	0	2
178390	13	0	2
178401	15	0	2
178412	15	0	2
178423	16	0	2
178434	17	0	2
178445	17	0	2
178456	15	0	2
178467	12	0	2
178478	16	0	2
178489	13	0	2
178500	16	0	2
178511	13	0	2
178522	18	0	2
178533	14	0	2
178544	15	0	2
178605	2354	0	2
178616	229	0	2
178627	41	0	2
178638	80	0	2
178649	14	0	2
178660	6	0	2
178671	1	0	2
178682	7	0	2
178693	17	0	2
178704	29	0	2
178765	2552	0	2
178776	354	0	2
178787	223	0	2
178798	33	0	2
178809	83	0	2
178820	3	0	2
178831	0	0	2
178842	11	0	2
178853	13	0	2
178864	8	0	2
178925	1359	0	2
178936	215	0	2
178947	3	0	2
178958	100	0	2
178969	1	0	2
178980	0	0	2
178991	29	0	2
179002	24	0	2
179013	0	0	2
179074	915	0	2
179135	988	0	2
179146	16	0	2
179157	38	0	2
179168	27	0	2
179179	13	0	2
179190	9	0	2
179201	13	0	2
179212	16	0	2
179223	19	0	2
179234	16	0	2
179245	16	0	2
179256	14	0	2
179267	16	0	2
179278	16	0	2
179289	12	0	2
179300	17	0	2
179311	15	0	2
179322	93	0	2
179383	1593	0	2
179394	179	0	2
179405	69	0	2
179416	63	0	2
179427	40	0	2
179438	24	0	2
179449	15	0	2
179460	12	0	2
179471	19	0	2
179482	17	0	2
179493	15	0	2
179504	17	0	2
179515	20	0	2
179526	16	0	2
179537	14	0	2
179548	13	0	2
179559	13	0	2
179570	15	0	2
179581	12	0	2
179592	14	0	2
179603	13	0	2
179614	12	0	2
179625	13	0	2
179636	14	0	2
179647	13	0	2
179658	12	0	2
179669	15	0	2
179680	13	0	2
179691	17	0	2
179702	14	0	2
179713	12	0	2
179724	15	0	2
179735	16	0	2
179746	14	0	2
179757	15	0	2
179768	14	0	2
179779	15	0	2
179790	14	0	2
179851	3978	0	2
179912	820	0	2
179923	0	0	2
179934	0	0	2
179945	11	0	2
179956	25	0	2
180017	672	0	2
180078	1160	0	2
180089	0	0	2
180100	26	0	2
180111	29	0	2
180172	3266	0	2
180233	1966	0	2
180244	53	0	2
180255	27	0	2
180266	4	0	2
180277	12	0	2
180288	402	0	2
180349	566	0	2
180410	633	0	2
180421	0	0	2
180432	16	0	2
180443	36	0	2
180454	22	0	2
180465	19	0	2
180476	16	0	2
180487	18	0	2
180498	15	0	2
180509	16	0	2
180520	15	0	2
180531	17	0	2
180542	19	0	2
180553	17	0	2
180564	16	0	2
180575	19	0	2
180586	16	0	2
180647	3136	0	2
180708	564	0	2
180719	45	0	2
180730	20	0	2
180741	13	0	2
180752	22	0	2
180813	2165	0	2
180874	1038	0	2
180885	0	0	2
180896	2	0	2
180907	25	0	2
180918	27	0	2
180929	23	0	2
180940	21	0	2
180951	18	0	2
180962	19	0	2
180973	21	0	2
180984	19	0	2
180995	18	0	2
181006	19	0	2
181017	16	0	2
181028	16	0	2
181039	18	0	2
181050	17	0	2
181061	17	0	2
181072	16	0	2
181083	43	0	2
181144	1641	0	2
181155	475	0	2
181166	146	0	2
181177	138	0	2
181188	21	0	2
181199	17	0	2
181210	40	0	2
181221	38	0	2
181232	33	0	2
181243	27	0	2
181304	2498	0	2
181315	377	0	2
181326	241	0	2
181337	33	0	2
181348	82	0	2
181359	15	0	2
181370	0	0	2
181381	22	0	2
181392	33	0	2
181403	17	0	2
181464	1427	0	2
181525	1279	0	2
181536	42	0	2
181547	31	0	2
181558	2	0	2
181569	13	0	2
181630	3323	0	2
181691	1132	0	2
181702	50	0	2
181713	21	0	2
181724	1	0	2
181735	22	0	2
181746	24	0	2
181757	17	0	2
181768	15	0	2
181779	15	0	2
181790	20	0	2
181801	16	0	2
181812	17	0	2
181823	18	0	2
181833	22	0	2
181844	17	0	2
181855	17	0	2
181866	19	0	2
181927	2253	0	2
181988	1430	0	2
181999	25	0	2
182010	28	0	2
182021	37	0	2
182082	699	0	2
182143	1645	0	2
182154	51	0	2
182165	25	0	2
182226	1196	0	2
182287	1516	0	2
182298	0	0	2
182309	72	0	2
182320	0	0	2
182331	9	0	2
182342	35	0	2
182353	19	0	2
182364	18	0	2
182425	4095	0	2
182436	201	0	2
182447	36	0	2
182458	77	0	2
182469	19	0	2
182480	22	0	2
182491	39	0	2
182502	14	0	2
182563	1722	0	2
182624	1694	0	2
182635	18	0	2
182646	58	0	2
182657	14	0	2
182668	5	0	2
182679	28	0	2
182740	1610	0	2
182801	1194	0	2
182812	6	0	2
182823	5	0	2
182834	37	0	2
182895	721	0	2
182956	1307	0	2
182967	75	0	2
182978	40	0	2
182989	0	0	2
183000	21	0	2
183011	35	0	2
183022	14	0	2
183033	18	0	2
183044	22	0	2
183055	20	0	2
183066	18	0	2
183077	17	0	2
183088	18	0	2
183099	18	0	2
183110	18	0	2
183121	18	0	2
183132	17	0	2
183143	17	0	2
183154	17	0	2
183165	19	0	2
183176	19	0	2
183237	1119	0	2
183248	0	0	2
183259	10	0	2
183270	28	0	2
183281	24	0	2
183292	18	0	2
183303	12	0	2
183314	19	0	2
183325	16	0	2
183386	4095	0	2
183447	2546	0	2
183458	131	0	2
183469	11	0	2
183480	0	0	2
183491	56	0	2
183502	47	0	2
183513	34	0	2
183574	1289	0	2
183585	493	0	2
183596	247	0	2
183607	71	0	2
183618	64	0	2
183629	10	0	2
183640	11	0	2
183651	52	0	2
183662	33	0	2
183673	17	0	2
183684	17	0	2
183695	20	0	2
183706	22	0	2
183717	23	0	2
183728	21	0	2
183739	19	0	2
183750	19	0	2
183761	19	0	2
183772	19	0	2
183783	19	0	2
183794	17	0	2
183805	19	0	2
183816	15	0	2
183827	16	0	2
183888	777	0	2
183899	0	0	2
183910	76	0	2
183921	0	0	2
183932	11	0	2
183943	29	0	2
183954	24	0	2
183965	22	0	2
183976	22	0	2
183987	20	0	2
183998	0	0	2
184059	503	0	2
184070	14	0	2
184081	0	0	2
184092	58	0	2
184103	6	0	2
184114	3	0	2
184125	26	0	2
184136	24	0	2
184197	4095	0	2
184258	2954	0	2
184269	168	0	2
184280	36	0	2
184291	62	0	2
184302	12	0	2
184313	0	0	2
184324	13	0	2
184335	24	0	2
184346	25	0	2
184357	27	0	2
184368	24	0	2
184379	23	0	2
184390	23	0	2
184401	21	0	2
184412	22	0	2
184423	20	0	2
184434	21	0	2
184445	24	0	2
184456	22	0	2
184467	20	0	2
184478	17	0	2
184489	289	0	2
184500	0	0	2
184561	610	0	2
184572	15	0	2
184583	3	0	2
184594	57	0	2
184605	10	0	2
184616	0	0	2
184677	1119	0	2
184738	2797	0	2
184749	22	0	2
184760	26	0	2
184771	64	0	2
184782	46	0	2
184843	609	0	2
184904	2149	0	2
184915	161	0	2
184926	82	0	2
184937	96	0	2
184948	24	0	2
184959	25	0	2
184970	33	0	2
184981	32	0	2
184992	28	0	2
185053	3018	0	2
185064	127	0	2
185075	22	0	2
185086	0	0	2
185097	39	0	2
185108	29	0	2
185119	22	0	2
185180	2184	0	2
185241	3677	0	2
185252	20	0	2
185263	61	0	2
185274	15	0	2
185285	27	0	2
185296	24	0	2
185357	4095	0	2
185418	3444	0	2
185429	44	0	2
185440	1	0	2
185451	54	0	2
185512	1751	0	2
185573	3134	0	2
185584	26	0	2
185595	0	0	2
185606	62	0	2
185617	45	0	2
185628	38	0	2
185639	31	0	2
185650	31	0	2
185661	24	0	2
185672	26	0	2
185683	25	0	2
185694	24	0	2
185705	25	0	2
185716	21	0	2
185727	22	0	2
185738	21	0	2
185749	22	0	2
185760	21	0	2
185821	1598	0	2
185882	2960	0	2
185893	89	0	2
185904	34	0	2
185965	1602	0	2
186026	2316	0	2
186037	135	0	2
186048	36	0	2
186059	53	0	2
186070	48	0	2
186081	18	0	2
186092	0	0	2
186103	0	0	2
186114	0	0	2
186125	172	0	2
186186	1783	0	2
186197	108	0	2
186208	40	0	2
186219	28	0	2
186230	34	0	2
186241	30	0	2
186252	43	0	2
186263	35	0	2
186274	30	0	2
186285	27	0	2
186296	27	0	2
186307	26	0	2
186318	23	0	2
186329	25	0	2
186340	24	0	2
186351	27	0	2
186362	24	0	2
186373	24	0	2
186384	22	0	2
186395	20	0	2
186456	1157	0	2
186517	908	0	2
186528	29	0	2
186539	30	0	2
186600	4041	0	2
186661	2734	0	2
186672	30	0	2
186683	21	0	2
186694	5	0	2
186755	4095	0	2
186816	3074	0	2
186827	41	0	2
186838	31	0	2
186849	30	0	2
186860	30	0	2
186871	29	0	2
186882	24	0	2
186893	22	0	2
186904	23	0	2
186915	19	0	2
186926	22	0	2
186937	22	0	2
186948	20	0	2
186959	20	0	2
186970	19	0	2
186981	20	0	2
186992	19	0	2
187003	21	0	2
187014	16	0	2
187025	17	0	2
187036	0	0	2
187097	811	0	2
187158	860	0	2
187169	20	0	2
187180	21	0	2
187191	18	0	2
187202	21	0	2
187213	18	0	2
187274	1230	0	2
187335	1361	0	2
187346	25	0	2
187357	24	0	2
187368	21	0	2
187379	20	0	2
187390	22	0	2
187401	19	0	2
187412	18	0	2
187423	18	0	2
187434	16	0	2
187445	16	0	2
187456	16	0	2
187467	13	0	2
187478	15	0	2
187489	16	0	2
187500	15	0	2
187511	14	0	2
187522	13	0	2
187533	14	0	2
187544	14	0	2
187555	13	0	2
187566	14	0	2
187577	14	0	2
187588	12	0	2
187599	15	0	2
187610	17	0	2
187621	14	0	2
187632	16	0	2
187643	14	0	2
187654	13	0	2
187665	11	0	2
187676	14	0	2
187687	16	0	2
187698	10	0	2
187709	11	0	2
187720	11	0	2
187731	13	0	2
187742	10	0	2
187753	13	0	2
187764	11	0	2
187775	12	0	2
187786	12	0	2
187797	10	0	2
187808	13	0	2
187819	15	0	2
187830	13	0	2
187841	14	0	2
187852	11	0	2
187863	11	0	2
187874	13	0	2
187885	13	0	2
187896	13	0	2
187907	11	0	2
187918	14	0	2
187929	9	0	2
187940	13	0	2
187951	10	0	2
187962	15	0	2
187973	14	0	2
187984	10	0	2
187995	12	0	2
188056	4081	0	2
188067	12	0	2
188078	94	0	2
188089	17	0	2
188100	14	0	2
188111	51	0	2
188122	43	0	2
188133	31	0	2
188144	21	0	2
188155	20	0	2
188166	16	0	2
188227	2962	0	2
188238	39	0	2
188249	25	0	2
188260	18	0	2
188271	18	0	2
188282	15	0	2
188293	16	0	2
188304	14	0	2
188315	14	0	2
188376	902	0	2
188437	2056	0	2
188448	27	0	2
188459	23	0	2
188470	19	0	2
188481	17	0	2
188492	181	0	2
188503	0	0	2
188514	0	0	2
188525	0	0	2
188586	503	0	2
188597	109	0	2
188608	47	0	2
188619	38	0	2
188630	29	0	2
188641	18	0	2
188652	16	0	2
188663	14	0	2
188674	13	0	2
188685	15	0	2
188696	14	0	2
188707	16	0	2
188718	14	0	2
188729	15	0	2
188740	16	0	2
188751	13	0	2
188762	13	0	2
188773	12	0	2
188784	11	0	2
188795	13	0	2
188806	10	0	2
188817	12	0	2
188828	10	0	2
188839	13	0	2
188850	11	0	2
188861	14	0	2
188872	0	0	2
188933	1634	0	2
188944	312	0	2
188955	118	0	2
188966	54	0	2
188977	32	0	2
188988	24	0	2
188999	22	0	2
189010	21	0	2
189021	18	0	2
189032	110	0	2
189093	1379	0	2
189154	883	0	2
189165	20	0	2
189176	19	0	2
189187	16	0	2
189198	13	0	2
189209	15	0	2
189220	0	0	2
189281	629	0	2
189292	119	0	2
189303	44	0	2
189314	14	0	2
189325	15	0	2
189336	16	0	2
189347	14	0	2
189358	13	0	2
189369	13	0	2
189380	15	0	2
189391	13	0	2
189402	13	0	2
189413	12	0	2
189424	12	0	2
189435	13	0	2
189446	13	0	2
189457	13	0	2
189468	13	0	2
189479	12	0	2
189490	12	0	2
189501	17	0	2
189512	13	0	2
189573	642	0	2
189634	952	0	2
189645	17	0	2
189656	15	0	2
189667	17	0	2
189678	16	0	2
189739	1716	0	2
189800	1168	0	2
189811	23	0	2
189822	19	0	2
189833	19	0	2
189844	17	0	2
189855	470	0	2
189866	0	0	2
189877	0	0	2
189888	435	0	2
189949	1246	0	2
189960	40	0	2
189971	29	0	2
189982	20	0	2
189993	19	0	2
190004	18	0	2
190065	4049	0	2
190126	1365	0	2
190137	25	0	2
190148	20	0	2
190159	17	0	2
190170	17	0	2
190181	12	0	2
190192	16	0	2
190203	15	0	2
190214	13	0	2
190225	16	0	2
190236	14	0	2
190247	13	0	2
190258	14	0	2
190269	15	0	2
190280	14	0	2
190291	14	0	2
190302	13	0	2
190313	12	0	2
190374	3143	0	2
190385	167	0	2
190396	57	0	2
190407	31	0	2
190418	24	0	2
190429	18	0	2
190440	17	0	2
190451	17	0	2
190462	15	0	2
190523	1939	0	2
190584	788	0	2
190595	135	0	2
190606	14	0	2
190617	11	0	2
190628	25	0	2
190639	26	0	2
190650	19	0	2
190661	18	0	2
190672	18	0	2
190683	17	0	2
190694	16	0	2
190705	18	0	2
190716	17	0	2
190727	15	0	2
190738	15	0	2
190749	16	0	2
190760	16	0	2
190771	16	0	2
190782	15	0	2
190793	15	0	2
190854	3711	0	2
190915	923	0	2
190926	91	0	2
190937	10	0	2
190948	0	0	2
190959	0	0	2
191020	1528	0	2
191081	761	0	2
191092	58	0	2
191103	96	0	2
191114	0	0	2
191125	0	0	2
191186	570	0	2
191247	648	0	2
191258	42	0	2
191269	93	0	2
191280	0	0	2
191291	0	0	2
191302	9	0	2
191313	25	0	2
191324	27	0	2
191335	21	0	2
191346	19	0	2
191357	18	0	2
191368	19	0	2
191379	19	0	2
191390	19	0	2
191401	20	0	2
191412	20	0	2
191423	15	0	2
191434	19	0	2
191445	19	0	2
191506	4095	0	2
191517	122	0	2
191528	61	0	2
191539	41	0	2
191550	25	0	2
191561	25	0	2
191572	22	0	2
191583	24	0	2
191594	23	0	2
191605	19	0	2
191666	1766	0	2
191677	191	0	2
191688	65	0	2
191699	24	0	2
191710	18	0	2
191721	23	0	2
191732	20	0	2
191743	20	0	2
191754	21	0	2
191765	15	0	2
191826	922	0	2
191837	368	0	2
191848	52	0	2
191859	13	0	2
191870	42	0	2
191881	37	0	2
191892	21	0	2
191903	14	0	2
191914	13	0	2
191925	14	0	2
191986	1541	0	2
192047	900	0	2
192058	0	0	2
192069	60	0	2
192080	60	0	2
192091	0	0	2
192102	0	0	2
192113	0	0	2
192124	5	0	2
192135	10	0	2
192146	13	0	2
192157	15	0	2
192168	16	0	2
192179	17	0	2
192190	17	0	2
192201	14	0	2
192212	16	0	2
192223	17	0	2
192234	15	0	2
192245	16	0	2
192256	15	0	2
192317	3139	0	2
192328	466	0	2
192339	118	0	2
192350	59	0	2
192361	67	0	2
192372	57	0	2
192383	42	0	2
192394	31	0	2
192405	20	0	2
192416	16	0	2
192427	20	0	2
192438	0	0	2
192449	0	0	2
192460	247	0	2
192521	783	0	2
192532	114	0	2
192543	0	0	2
192554	0	0	2
192565	8	0	2
192576	13	0	2
192587	14	0	2
192598	22	0	2
192609	21	0	2
192620	19	0	2
192631	19	0	2
192642	20	0	2
192653	20	0	2
192664	20	0	2
192675	18	0	2
192686	19	0	2
192697	16	0	2
192708	18	0	2
192719	18	0	2
192730	16	0	2
192741	18	0	2
192752	15	0	2
192763	16	0	2
192824	3550	0	2
192835	30	0	2
192846	74	0	2
192857	68	0	2
192868	34	0	2
192879	24	0	2
192890	29	0	2
192901	31	0	2
192912	18	0	2
192973	1769	0	2
193034	2280	0	2
193045	0	0	2
193056	0	0	2
193067	0	0	2
193078	2	0	2
193139	1916	0	2
193200	2284	0	2
193211	4	0	2
193222	0	0	2
193233	27	0	2
193244	34	0	2
193255	31	0	2
193266	21	0	2
193277	23	0	2
193288	24	0	2
193299	24	0	2
193310	23	0	2
193321	25	0	2
193332	22	0	2
193343	23	0	2
193354	22	0	2
193365	20	0	2
193376	20	0	2
193387	19	0	2
193398	21	0	2
193409	19	0	2
193470	1162	0	2
193481	96	0	2
193492	62	0	2
193503	46	0	2
193514	34	0	2
193525	25	0	2
193536	12	0	2
193547	22	0	2
193558	21	0	2
193619	2732	0	2
193680	2072	0	2
193691	49	0	2
193702	30	0	2
193713	30	0	2
193724	28	0	2
193735	2	0	2
193746	168	0	2
193757	0	0	2
193768	0	0	2
193779	187	0	2
193840	1203	0	2
193851	101	0	2
193862	79	0	2
193873	59	0	2
193884	41	0	2
193895	34	0	2
193906	29	0	2
193917	21	0	2
193928	25	0	2
193939	21	0	2
193950	23	0	2
193961	21	0	2
193972	21	0	2
193983	19	0	2
193994	21	0	2
194005	18	0	2
194016	16	0	2
194027	20	0	2
194038	20	0	2
194049	19	0	2
194060	18	0	2
194071	19	0	2
194132	4095	0	2
194143	340	0	2
194154	127	0	2
194165	62	0	2
194176	36	0	2
194187	29	0	2
194198	30	0	2
194209	20	0	2
194220	22	0	2
194281	1164	0	2
194342	2261	0	2
194353	31	0	2
194364	25	0	2
194375	23	0	2
194386	0	0	2
194397	120	0	2
194408	0	0	2
194419	305	0	2
194480	1365	0	2
194491	41	0	2
194502	31	0	2
194513	23	0	2
194524	22	0	2
194535	17	0	2
194546	17	0	2
194557	18	0	2
194568	17	0	2
194579	113	0	2
194590	30	0	2
194651	1296	0	2
194662	39	0	2
194673	1	0	2
194684	9	0	2
194695	14	0	2
194706	15	0	2
194717	14	0	2
194728	13	0	2
194739	17	0	2
194750	17	0	2
194761	15	0	2
194772	14	0	2
194783	16	0	2
194794	15	0	2
194805	17	0	2
194816	14	0	2
194827	17	0	2
194838	17	0	2
194849	15	0	2
194910	4095	0	2
194921	275	0	2
194932	50	0	2
194943	93	0	2
194954	0	0	2
194965	15	0	2
194976	29	0	2
194987	27	0	2
195048	4095	0	2
195109	1324	0	2
195120	69	0	2
195131	90	0	2
195142	48	0	2
195153	0	0	2
195164	22	0	2
195175	32	0	2
195186	24	0	2
195197	22	0	2
195208	21	0	2
195219	21	0	2
195230	21	0	2
195241	21	0	2
195252	21	0	2
195263	19	0	2
195274	21	0	2
195285	19	0	2
195296	20	0	2
195307	19	0	2
195318	19	0	2
195379	2790	0	2
195390	229	0	2
195401	95	0	2
195412	44	0	2
195423	29	0	2
195434	25	0	2
195445	26	0	2
195456	23	0	2
195467	21	0	2
195478	19	0	2
195489	19	0	2
195500	17	0	2
195511	20	0	2
195522	20	0	2
195533	19	0	2
195544	18	0	2
195555	17	0	2
195616	3905	0	2
195627	247	0	2
195688	1049	0	2
195699	163	0	2
195710	75	0	2
195721	39	0	2
195732	29	0	2
195743	24	0	2
195754	22	0	2
195765	22	0	2
195776	20	0	2
195787	23	0	2
195798	19	0	2
195809	18	0	2
195820	18	0	2
195831	17	0	2
195842	16	0	2
195853	14	0	2
195864	15	0	2
195875	18	0	2
195886	15	0	2
195897	17	0	2
195908	13	0	2
195919	15	0	2
195930	15	0	2
195941	17	1	3
195952	17	1	3
195963	14	1	3
195974	15	1	3
195985	12	1	3
195996	15	1	3
196007	13	1	3
196018	16	1	3
196029	14	1	3
196040	14	1	3
196051	12	1	3
196062	13	1	3
196073	12	1	3
196084	12	1	3
196095	12	1	3
196106	10	1	3
196117	14	1	3
196128	14	1	3
196139	15	0	3
196150	14	0	3
196161	11	0	3
196172	14	0	3
196183	12	0	3
196194	13	0	3
196205	15	0	3
196216	15	0	3
196227	12	0	3
196238	14	0	3
196249	13	0	3
196260	16	0	3
196271	14	0	3
196282	14	0	3
196293	13	0	3
196304	14	0	3
196315	15	0	3
196326	12	0	3
196337	13	0	3
196348	14	0	3
196359	13	0	3
196370	13	0	3
196381	14	0	3
196392	14	0	3
196403	17	0	3
196414	14	0	3
196425	13	0	3
196436	15	0	3
196447	11	0	3
196458	16	0	3
196469	13	0	3
196480	13	0	3
196491	12	0	3
196502	10	0	3
196513	12	0	3
196524	14	0	3
196535	14	0	3
196546	8	0	3
196557	17	0	3
196568	23	0	3
196579	6	0	3
196590	9	0	3
196601	18	0	3
196612	0	0	3
196623	205	0	3
196634	0	0	3
196645	0	0	3
196656	49	0	3
196667	401	0	3
196728	644	0	3
196739	108	0	3
196750	0	0	3
196761	0	0	3
196772	28	0	3
196783	28	0	3
196794	21	0	3
196805	19	0	3
196816	13	0	3
196827	15	0	3
196838	16	0	3
196848	22	0	3
196859	17	0	3
196870	15	0	3
196881	16	0	3
196892	15	0	3
196903	14	0	3
196964	1185	0	3
196975	345	0	3
196986	130	0	3
196997	64	0	3
197008	35	0	3
197019	22	0	3
197030	17	0	3
197041	18	0	3
197052	16	0	3
197063	16	0	3
197074	12	0	3
197085	261	0	3
197096	231	0	3
197107	444	0	3
197118	319	0	3
197129	112	0	3
197140	43	0	3
197151	31	0	3
197162	27	0	3
197173	17	0	3
197184	17	0	3
197195	16	0	3
197206	14	0	3
197217	16	0	3
197228	13	0	3
197239	13	0	3
197300	1037	0	3
197311	10	0	3
197322	7	0	3
197333	17	0	3
197344	15	0	3
197355	13	0	3
197366	13	0	3
197377	13	0	3
197388	16	0	3
197399	12	0	3
197460	1968	0	3
197471	256	0	3
197482	100	0	3
197493	35	0	3
197504	26	0	3
197515	20	0	3
197526	17	0	3
197537	15	0	3
197548	12	0	3
197559	15	0	3
197570	14	0	3
197581	13	0	3
197592	13	0	3
197603	11	0	3
197614	13	0	3
197625	13	0	3
197636	14	0	3
197647	14	0	3
197658	13	0	3
197669	15	0	3
197680	12	0	3
197691	14	0	3
197702	14	0	3
197713	12	0	3
197724	15	0	3
197735	13	0	3
197796	1465	0	3
197807	114	0	3
197818	2	0	3
197829	102	0	3
197840	83	0	3
197851	49	0	3
197862	24	0	3
197873	17	0	3
197884	14	0	3
197895	16	0	3
197906	16	0	3
197917	19	0	3
197978	1048	0	3
197989	45	0	3
198000	13	0	3
198011	8	0	3
198022	14	0	3
198033	14	0	3
198044	14	0	3
198055	13	0	3
198066	14	0	3
198077	13	0	3
198088	13	0	3
198099	15	0	3
198110	12	0	3
198121	13	0	3
198132	13	0	3
198143	14	0	3
198154	14	0	3
198165	12	0	3
198176	14	0	3
198187	13	0	3
198198	13	0	3
198209	15	0	3
198220	13	0	3
198231	14	0	3
198242	13	0	3
198253	15	0	3
198314	1434	0	3
198375	1363	0	3
198386	30	0	3
198397	22	0	3
198408	20	0	3
198419	19	0	3
198430	18	0	3
198441	16	0	3
198452	18	0	3
198463	14	0	3
198474	15	0	3
198485	13	0	3
198496	15	0	3
198507	14	0	3
198518	15	0	3
198529	14	0	3
198540	14	0	3
198551	16	0	3
198562	15	0	3
198573	17	0	3
198634	2486	0	3
198645	354	0	3
198656	55	0	3
198667	0	0	3
198678	0	0	3
198689	13	0	3
198700	20	0	3
198711	21	0	3
198722	21	0	3
198733	19	0	3
198744	18	0	3
198755	22	0	3
198766	16	0	3
198777	17	0	3
198788	17	0	3
198799	17	0	3
198810	16	0	3
198821	17	0	3
198832	17	0	3
198843	16	0	3
198854	16	0	3
198865	15	0	3
198876	18	0	3
198887	13	0	3
198898	13	0	3
198909	17	0	3
198920	14	0	3
198931	13	0	3
