Elapsed,PiezoValue,BucketFlip,BucketCount

32824,14,0,0
32830,14,0,0
32836,12,0,0
32842,14,0,0
32848,14,0,0
32854,13,0,0
32860,16,0,0
32866,12,0,0
32872,13,0,0
32878,16,0,0
32884,13,0,0
32890,13,0,0
32896,14,0,0
32902,11,0,0
32908,13,0,0
32914,13,0,0
32920,13,0,0
32926,13,0,0
32932,13,0,0
32938,14,0,0
32944,15,0,0
32950,14,0,0
32956,12,0,0
32962,16,0,0
32968,16,0,0
32974,15,0,0
32980,14,0,0
32986,13,0,0
32992,15,0,0
32998,14,0,0
33004,13,0,0
33010,16,0,0
33016,12,0,0
33022,13,0,0
33028,17,0,0
33034,12,0,0
33040,15,0,0
33046,14,0,0
33052,10,0,0
33058,15,0,0
33064,13,0,0
33070,12,0,0
33076,13,0,0
33082,14,0,0
33088,17,0,0
33094,13,0,0
33100,13,0,0
33106,13,0,0
33112,16,0,0
33118,17,0,0
33124,13,0,0
33130,14,0,0
33136,13,0,0
33142,12,0,0
33148,12,0,0
33154,13,0,0
33160,13,0,0
33166,13,0,0
33172,13,0,0
33178,15,0,0
33184,13,0,0
33190,15,0,0
33196,15,0,0
33202,11,0,0
33208,15,0,0
33214,12,0,0
33220,16,0,0
33226,15,0,0
33232,14,0,0
33238,13,0,0
33244,13,0,0
33250,13,0,0
33256,13,0,0
33262,13,0,0
33268,13,0,0
33274,15,0,0
33280,10,0,0
33286,11,0,0
33292,13,0,0
33298,14,0,0
33304,12,0,0
33310,15,0,0
33316,17,0,0
33322,12,0,0
33328,14,0,0
33334,10,0,0
33340,12,0,0
33346,13,0,0
33352,14,0,0
33358,14,0,0
33364,13,0,0
33370,11,0,0
33376,14,0,0
33382,13,0,0
33388,12,0,0
33394,12,0,0
33400,10,0,0
33406,15,0,0
33412,12,0,0
33418,10,0,0
33424,11,0,0
33430,14,0,0
33436,11,0,0
33442,14,0,0
33448,13,0,0
33454,14,0,0
33460,13,0,0
33466,13,0,0
33472,13,0,0
33478,14,0,0
33484,12,0,0
33490,13,0,0
33496,13,0,0
33502,11,0,0
33508,13,0,0
33514,14,0,0
33520,13,0,0
33526,14,0,0
33532,15,0,0
33538,10,0,0
33544,10,0,0
33550,13,0,0
33556,15,0,0
33562,10,0,0
33568,13,0,0
33574,15,0,0
33580,18,0,0
33586,12,0,0
33592,15,0,0
33598,12,0,0
33604,13,0,0
33610,12,0,0
33616,14,0,0
33622,12,0,0
33628,13,0,0
33634,13,0,0
33640,12,0,0
33646,14,0,0
33652,14,0,0
33658,14,0,0
33664,12,0,0
33670,12,0,0
33676,11,0,0
33682,14,0,0
33688,12,0,0
33694,11,0,0
33700,12,0,0
33706,14,0,0
33712,13,0,0
33718,13,0,0
33724,12,0,0
33730,15,0,0
33736,12,0,0
33742,15,0,0
33748,13,0,0
33754,13,0,0
33760,13,0,0
33766,12,0,0
33772,11,0,0
33778,11,0,0
33784,14,0,0
33790,12,0,0
33796,12,0,0
33802,12,0,0
33808,12,0,0
33814,15,0,0
33820,10,0,0
33826,14,0,0
33832,14,0,0
33838,13,0,0
33844,12,0,0
33850,13,0,0
33856,14,0,0
33862,14,0,0
33868,9,0,0
33874,16,0,0
33880,15,0,0
33886,15,0,0
33892,12,0,0
33898,12,0,0
33904,12,0,0
33910,14,0,0
33916,14,0,0
33922,16,0,0
33928,13,0,0
33934,13,0,0
33940,13,0,0
33946,15,0,0
33952,13,0,0
33958,14,0,0
33964,14,0,0
33970,14,0,0
33976,12,0,0
33982,13,0,0
33988,13,0,0
33994,15,0,0
34000,12,0,0
34006,12,0,0
34012,12,0,0
34018,15,0,0
34024,12,0,0
34030,14,0,0
34036,13,0,0
34042,15,0,0
34048,10,0,0
34054,11,0,0
34060,12,0,0
34066,11,0,0
34072,13,0,0
34078,13,0,0
34084,13,0,0
34090,10,0,0
34096,14,0,0
34102,12,0,0
34108,15,0,0
34114,13,0,0
34120,13,0,0
34126,11,0,0
34132,13,0,0
34138,13,0,0
34144,12,0,0
34150,13,0,0
34156,14,0,0
34162,14,0,0
34168,12,0,0
34174,17,0,0
34180,12,0,0
34186,12,0,0
34192,15,0,0
34198,9,0,0
34204,12,0,0
34210,12,0,0
34216,13,0,0
34222,12,0,0
34228,16,0,0
34234,14,0,0
34240,14,0,0
34246,15,0,0
34252,10,0,0
34258,13,0,0
34264,16,0,0
34270,14,0,0
34276,14,0,0
34282,11,0,0
34288,15,0,0
34294,11,0,0
34300,15,0,0
34306,13,0,0
34312,14,0,0
34318,11,0,0
34324,12,0,0
34330,13,0,0
34336,10,0,0
34342,15,0,0
34348,12,0,0
34354,14,0,0
34360,18,0,0
34366,13,0,0
34372,14,0,0
34378,13,0,0
34384,13,0,0
34390,13,0,0
34396,12,0,0
34402,11,0,0
34408,14,0,0
34414,14,0,0
34420,14,0,0
34426,14,0,0
34432,11,0,0
34438,15,0,0
34444,14,0,0
34450,12,0,0
34456,13,0,0
34462,19,0,0
34468,13,0,0
34474,14,0,0
34480,13,0,0
34486,12,0,0
34492,11,0,0
34498,13,0,0
34504,15,0,0
34510,12,0,0
34516,13,0,0
34522,12,0,0
34528,12,0,0
34534,12,0,0
34540,14,0,0
34546,12,0,0
34552,13,0,0
34558,14,0,0
34564,17,0,0
34570,12,0,0
34576,13,0,0
34582,15,0,0
34588,16,0,0
34594,13,0,0
34600,13,0,0
34606,14,0,0
34612,11,0,0
34618,12,0,0
34624,13,0,0
34630,13,0,0
34636,12,0,0
34642,11,0,0
34648,12,0,0
34654,13,0,0
34660,13,0,0
34666,11,0,0
34672,11,0,0
34678,14,0,0
34684,11,0,0
34690,13,0,0
34696,12,0,0
34702,15,0,0
34708,16,0,0
34714,14,0,0
34720,16,0,0
34726,15,0,0
34732,12,0,0
34738,12,0,0
34744,15,0,0
34750,13,0,0
34756,15,0,0
34762,11,0,0
34768,13,0,0
34774,11,0,0
34780,12,0,0
34786,11,0,0
34792,12,0,0
34798,13,0,0
34804,14,0,0
34810,13,0,0
34816,13,0,0
34822,13,0,0
34828,13,0,0
34834,10,0,0
34840,14,0,0
34846,14,0,0
34852,14,0,0
34858,12,0,0
34864,12,0,0
34870,11,0,0
34876,13,0,0
34882,14,0,0
34888,14,0,0
34894,12,0,0
34900,14,0,0
34906,13,0,0
34912,13,0,0
34918,16,0,0
34924,14,0,0
34930,11,0,0
34936,12,0,0
34942,13,0,0
34948,13,0,0
34954,12,0,0
34960,14,0,0
34966,15,0,0
34972,13,0,0
34978,13,0,0
34984,11,0,0
34990,13,0,0
34996,11,0,0
35002,15,0,0
35008,13,0,0
35014,12,0,0
35020,11,0,0
35026,13,0,0
35032,13,0,0
35038,10,0,0
35044,12,0,0
35050,14,0,0
35056,12,0,0
35062,15,0,0
35068,13,0,0
35074,15,0,0
35080,15,0,0
35086,11,0,0
35092,12,0,0
35098,13,0,0
35104,11,0,0
35110,13,0,0
35116,12,0,0
35122,13,0,0
35128,19,0,0
35134,12,0,0
35140,11,0,0
35146,12,0,0
35152,12,0,0
35158,11,0,0
35164,13,0,0
35170,14,0,0
35176,14,0,0
35182,13,0,0
35188,12,0,0
35194,14,0,0
35200,17,0,0
35206,12,0,0
35212,14,0,0
35218,10,0,0
35224,15,0,0
35230,13,0,0
35236,12,0,0
35242,6,0,0
35248,14,0,0
35254,14,0,0
35260,14,0,0
35266,12,0,0
35272,13,0,0
35278,16,0,0
35284,13,0,0
35290,12,0,0
35296,10,0,0
35302,10,0,0
35308,13,0,0
35314,11,0,0
35320,12,0,0
35326,10,0,0
35332,15,0,0
35338,12,0,0
35344,14,0,0
35350,13,0,0
35356,18,0,0
35362,15,0,0
35368,12,0,0
35374,13,0,0
35380,12,0,0
35386,13,0,0
35392,12,0,0
35398,12,0,0
35404,12,0,0
35410,13,0,0
35416,13,0,0
35422,12,0,0
35428,15,0,0
35434,13,0,0
35440,12,0,0
35446,12,0,0
35452,15,0,0
35458,13,0,0
35464,13,0,0
35470,12,0,0
35476,10,0,0
35482,15,0,0
35488,11,0,0
35494,15,0,0
35500,11,0,0
35506,12,0,0
35512,14,0,0
35518,12,0,0
35524,14,0,0
35530,13,0,0
35536,9,0,0
35542,14,0,0
35548,13,0,0
35554,14,0,0
35560,14,0,0
35566,12,0,0
35572,12,0,0
35578,15,0,0
35584,12,0,0
35590,12,0,0
35596,13,0,0
35602,12,0,0
35608,15,0,0
35614,15,0,0
35620,14,0,0
35626,13,0,0
35632,13,0,0
35638,13,0,0
35644,13,0,0
35650,12,0,0
35656,12,0,0
35662,13,0,0
35668,11,0,0
35674,13,0,0
35680,11,0,0
35686,14,0,0
35692,12,0,0
35698,11,0,0
35704,14,0,0
35710,16,0,0
35716,10,0,0
35722,10,0,0
35728,13,0,0
35734,10,0,0
35740,13,0,0
35746,13,0,0
35752,13,0,0
35758,11,0,0
35764,12,0,0
35770,14,0,0
35776,12,0,0
35782,19,0,0
35788,10,0,0
35794,18,0,0
35800,11,0,0
35806,12,0,0
35812,14,0,0
35818,14,0,0
35824,13,0,0
35830,13,0,0
35836,13,0,0
35842,14,0,0
35848,16,0,0
35854,10,0,0
35860,13,0,0
35866,12,0,0
35872,14,0,0
35878,14,0,0
35884,13,0,0
35890,15,0,0
35896,13,0,0
35902,14,0,0
35908,13,0,0
35914,15,0,0
35920,11,0,0
35926,15,0,0
35932,9,0,0
35938,10,0,0
35944,12,0,0
35950,11,0,0
35956,12,0,0
35962,13,0,0
35968,14,0,0
35974,13,0,0
35980,13,0,0
35986,12,0,0
35992,13,0,0
35998,15,0,0
36004,11,0,0
36010,15,0,0
36016,12,0,0
36022,13,0,0
36028,13,0,0
36034,13,0,0
36040,12,0,0
36046,11,0,0
36052,13,0,0
36058,14,0,0
36064,15,0,0
36070,11,0,0
36076,14,0,0
36082,7,0,0
36088,14,0,0
36094,13,0,0
36100,22,0,0
36106,14,0,0
36112,12,0,0
36118,12,0,0
36124,16,0,0
36130,13,0,0
36136,14,0,0
36142,11,0,0
36148,11,0,0
36154,10,0,0
36160,11,0,0
36166,11,0,0
36172,11,0,0
36178,14,0,0
36184,11,0,0
36190,14,0,0
36196,12,0,0
36202,13,0,0
36208,12,0,0
36214,10,0,0
36220,13,0,0
36225,18,0,0
36231,19,0,0
36237,16,0,0
36243,16,0,0
36249,14,0,0
36255,13,0,0
36261,13,0,0
36267,11,0,0
36273,12,0,0
36279,10,0,0
36285,13,0,0
36291,12,0,0
36297,11,0,0
36303,12,0,0
36309,13,0,0
36315,14,0,0
36321,13,0,0
36327,13,0,0
36333,10,0,0
36339,12,0,0
36345,14,0,0
36351,13,0,0
36357,11,0,0
36363,13,0,0
36369,12,0,0
36375,13,0,0
36381,13,0,0
36387,12,0,0
36393,12,0,0
36399,12,0,0
36405,14,0,0
36411,14,0,0
36417,12,0,0
36423,12,0,0
36429,13,0,0
36435,12,0,0
36441,13,0,0
36447,14,0,0
36453,12,0,0
36459,12,0,0
36465,14,0,0
36471,14,0,0
36477,12,0,0
36483,14,0,0
36489,8,0,0
36495,10,0,0
36501,11,0,0
36507,12,0,0
36513,12,0,0
36519,15,0,0
36525,12,0,0
36531,12,0,0
36537,12,0,0
36543,14,0,0
36549,12,0,0
36555,14,0,0
36561,12,0,0
36567,12,0,0
36573,13,0,0
36579,13,0,0
36585,9,0,0
36591,12,0,0
36597,11,0,0
36603,11,0,0
36609,14,0,0
36615,15,0,0
36621,11,0,0
36627,13,0,0
36633,14,0,0
36639,12,0,0
36645,15,0,0
36651,13,0,0
36657,14,0,0
36663,13,0,0
36669,13,0,0
36675,12,0,0
36681,13,0,0
36687,12,0,0
36693,13,0,0
36699,11,0,0
36705,14,0,0
36711,13,0,0
36717,13,0,0
36723,10,0,0
36729,17,0,0
36735,12,0,0
36741,13,0,0
36747,12,0,0
36753,12,0,0
36759,13,0,0
36765,13,0,0
36771,13,0,0
36777,14,0,0
36783,14,0,0
36789,13,0,0
36795,14,0,0
36801,13,0,0
36807,13,0,0
36813,15,0,0
36819,13,0,0
36825,11,0,0
36831,12,0,0
36837,11,0,0
36843,16,0,0
36849,15,0,0
36855,12,0,0
36861,15,0,0
36867,13,0,0
36873,9,0,0
36879,14,0,0
36885,12,0,0
36891,15,0,0
36897,14,0,0
36903,14,0,0
36909,12,0,0
36915,15,0,0
36921,13,0,0
36927,13,0,0
36933,14,0,0
36939,14,0,0
36945,20,0,0
36951,10,0,0
36957,12,0,0
36963,12,0,0
36969,14,0,0
36975,14,0,0
36981,15,0,0
36987,13,0,0
36993,14,0,0
36999,12,0,0
37005,13,0,0
37011,16,0,0
37017,11,0,0
37023,14,0,0
37029,12,0,0
37035,12,0,0
37041,14,0,0
37047,15,0,0
37053,15,0,0
37059,14,0,0
37065,12,0,0
37071,13,0,0
37077,12,0,0
37083,12,0,0
37089,11,0,0
37095,15,0,0
37101,14,0,0
37107,14,0,0
37113,13,0,0
37119,14,0,0
37125,14,0,0
37131,15,0,0
37137,14,0,0
37143,11,0,0
37149,10,0,0
37155,14,0,0
37161,14,0,0
37167,13,0,0
37173,13,0,0
37179,13,0,0
37185,11,0,0
37191,15,0,0
37197,13,0,0
37203,13,0,0
37209,13,0,0
37215,20,0,0
37221,13,0,0
37227,14,0,0
37233,14,0,0
37239,17,0,0
37245,15,0,0
37251,13,0,0
37257,12,0,0
37263,14,0,0
37269,13,0,0
37275,11,0,0
37281,15,0,0
37287,12,0,0
37293,15,0,0
37299,12,0,0
37305,14,0,0
37311,10,0,0
37317,12,0,0
37323,13,0,0
37329,15,0,0
37335,13,0,0
37341,13,0,0
37347,14,0,0
37353,12,0,0
37359,15,0,0
37365,14,0,0
37371,12,0,0
37377,15,0,0
37383,15,0,0
37389,15,0,0
37395,14,0,0
37401,15,0,0
37407,14,0,0
37413,15,0,0
37419,11,0,0
37425,11,0,0
37431,14,0,0
37437,13,0,0
37443,15,0,0
37449,12,0,0
37455,13,0,0
37461,11,0,0
37467,14,0,0
37473,13,0,0
37479,14,0,0
37485,12,0,0
37491,13,0,0
37497,17,0,0
37503,12,0,0
37509,14,0,0
37515,11,0,0
37521,13,0,0
37527,13,0,0
37533,14,0,0
37539,12,0,0
37545,13,0,0
37551,14,0,0
37557,12,0,0
37563,14,0,0
37569,13,0,0
37575,13,0,0
37581,13,0,0
37587,13,0,0
37593,12,0,0
37599,14,0,0
37605,15,0,0
37611,14,0,0
37617,13,0,0
37623,14,0,0
37629,14,0,0
37635,14,0,0
37641,13,0,0
37647,25,0,0
37653,13,0,0
37659,13,0,0
37665,16,0,0
37671,14,0,0
37677,10,0,0
37683,10,0,0
37689,12,0,0
37695,15,0,0
37701,11,0,0
37707,11,0,0
37713,20,0,0
37719,12,0,0
37725,15,0,0
37731,13,0,0
37737,12,0,0
37743,12,0,0
37749,13,0,0
37755,13,0,0
37761,17,0,0
37767,11,0,0
37773,13,0,0
37779,12,0,0
37785,13,0,0
37791,12,0,0
37797,14,0,0
37803,17,0,0
37809,16,0,0
37815,13,0,0
37821,14,0,0
37827,16,0,0
37833,12,0,0
37839,17,0,0
37845,16,0,0
37851,14,0,0
37857,12,0,0
37863,14,0,0
37869,16,0,0
37875,14,0,0
37881,15,0,0
37887,14,0,0
37893,14,0,0
37899,12,0,0
37905,10,0,0
37911,14,0,0
37917,13,0,0
37923,12,0,0
37929,14,0,0
37935,13,0,0
37941,13,0,0
37947,13,0,0
37953,12,0,0
37959,12,0,0
37965,14,0,0
37971,12,0,0
37977,12,0,0
37983,14,0,0
37989,14,0,0
37995,14,0,0
38001,12,0,0
38007,12,0,0
38013,16,0,0
38019,8,0,0
38025,12,0,0
38031,13,0,0
38037,15,0,0
38043,14,0,0
38049,15,0,0
38055,14,0,0
38061,13,0,0
38067,15,0,0
38073,12,0,0
38079,14,0,0
38085,12,0,0
38091,8,0,0
38097,16,0,0
38103,11,0,0
38109,16,0,0
38115,15,0,0
38121,12,0,0
38127,16,0,0
38133,13,0,0
38139,13,0,0
38145,15,0,0
38151,15,0,0
38157,14,0,0
38163,16,0,0
38169,15,0,0
38175,13,0,0
38181,15,0,0
38187,11,0,0
38193,13,0,0
38199,12,0,0
38205,12,0,0
38211,12,0,0
38217,13,0,0
38223,13,0,0
38229,12,0,0
38235,13,0,0
38241,13,0,0
38247,14,0,0
38253,12,0,0
38259,13,0,0
38265,13,0,0
38271,12,0,0
38277,14,0,0
38283,13,0,0
38289,10,0,0
38295,15,0,0
38301,12,0,0
38307,14,0,0
38313,11,0,0
38319,12,0,0
38325,13,0,0
38331,14,0,0
38337,12,0,0
38343,14,0,0
38349,12,0,0
38355,12,0,0
38361,14,0,0
38367,16,0,0
38373,11,0,0
38379,14,0,0
38385,16,0,0
38391,12,0,0
38397,15,0,0
38403,12,0,0
38409,12,0,0
38415,16,0,0
38421,11,0,0
38427,14,0,0
38433,16,0,0
38439,16,0,0
38445,13,0,0
38451,13,0,0
38457,13,0,0
38463,13,0,0
38469,14,0,0
38475,12,0,0
38481,14,0,0
38487,15,0,0
38493,13,0,0
38499,14,0,0
38505,12,0,0
38511,13,0,0
38517,12,0,0
38523,13,0,0
38529,14,0,0
38535,14,0,0
38541,13,0,0
38547,14,0,0
38553,12,0,0
38559,12,0,0
38565,12,0,0
38571,12,0,0
38577,11,0,0
38583,14,0,0
38589,16,0,0
38595,14,0,0
38601,13,0,0
38607,14,0,0
38613,13,0,0
38619,12,0,0
38625,13,0,0
38631,15,0,0
38637,13,0,0
38643,14,0,0
38649,13,0,0
38655,13,0,0
38661,16,0,0
38667,14,0,0
38673,13,0,0
38679,14,0,0
38685,12,0,0
38691,13,0,0
38697,17,0,0
38703,12,0,0
38709,13,0,0
38715,15,0,0
38721,12,0,0
38727,9,0,0
38733,12,0,0
38739,11,0,0
38745,14,0,0
38751,16,0,0
38757,10,0,0
38763,12,0,0
38769,14,0,0
38775,13,0,0
38781,14,0,0
38787,11,0,0
38793,15,0,0
38799,12,0,0
38805,14,0,0
38811,14,0,0
38817,12,0,0
38823,14,0,0
38829,16,0,0
38835,13,0,0
38841,18,0,0
38847,14,0,0
38853,17,0,0
38859,13,0,0
38865,11,0,0
38871,13,0,0
38877,13,0,0
38883,14,0,0
38889,12,0,0
38895,12,0,0
38901,15,0,0
38907,12,0,0
38913,12,0,0
38919,13,0,0
38925,9,0,0
38931,13,0,0
38937,15,0,0
38943,12,0,0
38949,16,0,0
38955,11,0,0
38961,14,0,0
38967,14,0,0
38973,13,0,0
38979,15,0,0
38985,15,0,0
38991,12,0,0
38997,14,0,0
39003,8,0,0
39009,14,0,0
39015,15,0,0
39021,13,0,0
39027,14,0,0
39033,12,0,0
39039,13,0,0
39045,12,0,0
39051,11,0,0
39057,11,0,0
39063,8,0,0
39069,12,0,0
39075,12,0,0
39081,13,0,0
39087,10,0,0
39093,12,0,0
39099,13,0,0
39105,14,0,0
39111,16,0,0
39117,14,0,0
39123,12,0,0
39129,13,0,0
39135,13,0,0
39141,14,0,0
39147,12,0,0
39153,10,0,0
39159,14,0,0
39165,14,0,0
39171,13,0,0
39177,13,0,0
39183,13,0,0
39189,22,0,0
39195,12,0,0
39201,15,0,0
39207,13,0,0
39213,17,0,0
39219,12,0,0
39225,12,0,0
39231,12,0,0
39237,13,0,0
39243,13,0,0
39249,13,0,0
39255,9,0,0
39261,15,0,0
39267,13,0,0
39273,12,0,0
39279,13,0,0
39285,13,0,0
39291,12,0,0
39297,12,0,0
39303,14,0,0
39309,13,0,0
39315,14,0,0
39321,12,0,0
39327,13,0,0
39333,13,0,0
39339,16,0,0
39345,15,0,0
39351,13,0,0
39357,15,0,0
39363,14,0,0
39369,12,0,0
39375,14,0,0
39381,15,0,0
39387,12,0,0
39393,14,0,0
39399,7,0,0
39405,14,0,0
39411,11,0,0
39417,12,0,0
39423,14,0,0
39429,15,0,0
39435,12,0,0
39441,13,0,0
39447,16,0,0
39453,14,0,0
39459,14,0,0
39465,13,0,0
39471,12,0,0
39477,12,0,0
39483,15,0,0
39489,14,0,0
39495,16,0,0
39501,14,0,0
39507,14,0,0
39513,17,0,0
39519,12,0,0
39525,15,0,0
39531,12,0,0
39537,15,0,0
39543,15,0,0
39549,19,0,0
39555,16,0,0
39561,12,0,0
39567,14,0,0
39573,13,0,0
39579,18,0,0
39585,13,0,0
39591,13,0,0
39597,14,0,0
39603,13,0,0
39609,12,0,0
39615,12,0,0
39621,13,0,0
39627,14,0,0
39633,13,0,0
39639,13,0,0
39645,13,0,0
39651,14,0,0
39657,14,0,0
39663,15,0,0
39669,12,0,0
39675,15,0,0
39681,12,0,0
39687,12,0,0
39693,13,0,0
39699,15,0,0
39705,12,0,0
39711,15,0,0
39717,21,0,0
39723,12,0,0
39729,17,0,0
39735,10,0,0
39741,13,0,0
39747,13,0,0
39753,13,0,0
39759,13,0,0
39765,12,0,0
39771,12,0,0
39777,14,0,0
39783,16,0,0
39789,16,0,0
39795,13,0,0
39801,13,0,0
39807,14,0,0
39813,14,0,0
39819,13,0,0
39825,14,0,0
39831,13,0,0
39837,13,0,0
39843,13,0,0
39849,13,0,0
39855,13,0,0
39861,16,0,0
39867,20,0,0
39873,14,0,0
39879,13,0,0
39885,13,0,0
39891,14,0,0
39897,16,0,0
39903,14,0,0
39909,14,0,0
39915,16,0,0
39921,14,0,0
39927,14,0,0
39933,13,0,0
39939,11,0,0
39945,13,0,0
39951,12,0,0
39957,14,0,0
39963,12,0,0
39969,13,0,0
39975,14,0,0
39981,12,0,0
39987,13,0,0
39993,24,0,0
39999,15,0,0
40005,15,0,0
40011,14,0,0
40017,10,0,0
40023,13,0,0
40029,14,0,0
40035,15,0,0
40041,12,0,0
40047,16,0,0
40053,14,0,0
40059,13,0,0
40065,17,0,0
40071,14,0,0
40077,13,0,0
40083,14,0,0
40089,13,0,0
40095,12,0,0
40101,14,0,0
40107,12,0,0
40113,13,0,0
40119,12,0,0
40125,14,0,0
40131,14,0,0
40137,14,0,0
40143,13,0,0
40149,11,0,0
40155,13,0,0
40161,14,0,0
40167,12,0,0
40173,14,0,0
40179,14,0,0
40185,13,0,0
40191,13,0,0
40197,15,0,0
40203,12,0,0
40209,13,0,0
40215,14,0,0
40221,13,0,0
40227,14,0,0
40233,13,0,0
40239,14,0,0
40245,11,0,0
40251,13,0,0
40257,11,0,0
40263,11,0,0
40269,15,0,0
40275,15,0,0
40281,12,0,0
40287,11,0,0
40293,12,0,0
40299,13,0,0
40305,12,0,0
40311,15,0,0
40317,15,0,0
40323,13,0,0
40329,16,0,0
40335,11,0,0
40341,13,0,0
40347,13,0,0
40353,11,0,0
40359,11,0,0
40365,13,0,0
40371,12,0,0
40377,13,0,0
40383,14,0,0
40389,11,0,0
40395,13,0,0
40401,12,0,0
40407,11,0,0
40413,14,0,0
40419,13,0,0
40425,14,0,0
40431,12,0,0
40437,12,0,0
40443,15,0,0
40449,13,0,0
40455,13,0,0
40461,14,0,0
40467,13,0,0
40473,13,0,0
40479,14,0,0
40485,12,0,0
40491,11,0,0
40497,13,0,0
40503,12,0,0
40509,13,0,0
40515,13,0,0
40521,14,0,0
40527,14,0,0
40533,15,0,0
40539,14,0,0
40545,16,0,0
40551,14,0,0
40557,14,0,0
40563,16,0,0
40569,10,0,0
40575,12,0,0
40581,18,0,0
40587,14,0,0
40593,11,0,0
40599,14,0,0
40605,17,0,0
40611,15,0,0
40617,12,0,0
40623,12,0,0
40629,13,0,0
40635,11,0,0
40641,12,0,0
40647,12,0,0
40653,12,0,0
40659,14,0,0
40665,15,0,0
40671,14,0,0
40677,14,0,0
40683,12,0,0
40689,15,0,0
40695,13,0,0
40701,13,0,0
40707,19,0,0
40713,13,0,0
40719,9,0,0
40725,16,0,0
40731,11,0,0
40737,14,0,0
40743,12,0,0
40749,12,0,0
40755,10,0,0
40761,11,0,0
40767,20,0,0
40773,12,0,0
40779,12,0,0
40785,11,0,0
40791,15,0,0
40797,13,0,0
40803,13,0,0
40809,16,0,0
40815,15,0,0
40821,16,0,0
40827,14,0,0
40833,9,0,0
40839,11,0,0
40845,15,0,0
40851,12,0,0
40857,17,0,0
40863,15,0,0
40869,13,0,0
40875,13,0,0
40881,14,0,0
40887,13,0,0
40893,11,0,0
40899,14,0,0
40905,14,0,0
40911,14,0,0
40917,10,0,0
40923,23,0,0
40929,12,0,0
40935,14,0,0
40941,12,0,0
40947,12,0,0
40953,13,0,0
40959,13,0,0
40965,16,0,0
40971,12,0,0
40977,13,0,0
40983,14,0,0
40989,14,0,0
40995,13,0,0
41001,13,0,0
41007,14,0,0
41013,15,0,0
41019,13,0,0
41025,15,0,0
41031,15,0,0
41037,14,0,0
41043,12,0,0
41049,11,0,0
41055,15,0,0
41061,14,0,0
41067,12,0,0
41073,13,0,0
41079,14,0,0
41085,13,0,0
41091,10,0,0
41097,14,0,0
41153,2484,0,0
41159,0,0,0
41165,0,0,0
41171,0,0,0
41177,0,0,0
41183,0,0,0
41189,1,0,0
41195,1,0,0
41201,0,0,0
41207,0,0,0
41213,0,0,0
41219,0,0,0
41225,0,0,0
41231,0,0,0
41237,0,0,0
41243,39,0,0
41249,20,0,0
41255,0,0,0
41261,60,0,0
41267,16,0,0
41273,0,0,0
41279,43,0,0
41285,0,0,0
41291,41,0,0
41297,0,0,0
41303,17,0,0
41309,11,0,0
41315,7,0,0
41321,13,0,0
41327,7,0,0
41333,17,0,0
41339,6,0,0
41345,28,0,0
41351,10,0,0
41357,14,0,0
41363,12,0,0
41369,13,0,0
41375,12,0,0
41381,19,0,0
41387,8,0,0
41393,11,0,0
41399,11,0,0
41405,13,0,0
41411,10,0,0
41417,14,0,0
41423,12,0,0
41429,14,0,0
41435,12,0,0
41441,13,0,0
41447,13,0,0
41453,12,0,0
41459,13,0,0
41465,15,0,0
41471,12,0,0
41477,11,0,0
41483,13,0,0
41489,14,0,0
41495,12,0,0
41501,12,0,0
41507,11,0,0
41513,16,0,0
41519,12,0,0
41525,13,0,0
41531,11,0,0
41537,13,0,0
41543,13,0,0
41549,12,0,0
41555,15,0,0
41561,13,0,0
41567,10,0,0
41573,12,0,0
41579,15,0,0
41585,14,0,0
41591,14,0,0
41597,10,0,0
41603,13,0,0
41609,15,0,0
41615,12,0,0
41621,12,0,0
41627,13,0,0
41633,12,0,0
41639,14,0,0
41645,12,0,0
41651,13,0,0
41657,16,0,0
41663,13,0,0
41669,17,0,0
41675,11,0,0
41681,12,0,0
41687,10,0,0
41693,19,0,0
41699,14,0,0
41705,15,0,0
41711,15,0,0
41717,12,0,0
41723,16,0,0
41729,14,0,0
41735,12,0,0
41741,12,0,0
41747,12,0,0
41753,12,0,0
41759,15,0,0
41765,13,0,0
41771,11,0,0
41777,18,0,0
41783,10,0,0
41789,14,0,0
41795,14,0,0
41801,12,0,0
41807,18,0,0
41813,14,0,0
41819,14,0,0
41825,13,0,0
41831,13,0,0
41837,14,0,0
41843,13,0,0
41849,13,0,0
41855,13,0,0
41861,14,0,0
41867,12,0,0
41873,11,0,0
41879,14,0,0
41885,11,0,0
41891,13,0,0
41897,15,0,0
41903,14,0,0
41909,18,0,0
41915,13,0,0
41921,14,0,0
41927,11,0,0
41933,19,0,0
41939,14,0,0
41945,15,0,0
41951,12,0,0
41957,13,0,0
41963,16,0,0
41969,13,0,0
41975,14,0,0
41981,13,0,0
41987,14,0,0
41993,13,0,0
41999,15,0,0
42005,10,0,0
42011,17,0,0
42017,13,0,0
42023,14,0,0
42029,15,0,0
42035,14,0,0
42041,12,0,0
42047,15,0,0
42053,14,0,0
42059,14,0,0
42065,14,0,0
42071,12,0,0
42077,12,0,0
42083,15,0,0
42089,12,0,0
42095,14,0,0
42101,11,0,0
42107,12,0,0
42113,16,0,0
42119,13,0,0
42125,12,0,0
42131,14,0,0
42137,12,0,0
42143,14,0,0
42149,17,0,0
42155,12,0,0
42161,11,0,0
42167,13,0,0
42173,14,0,0
42179,12,0,0
42185,13,0,0
42241,3763,0,0
42247,325,0,0
42303,598,0,0
42309,342,0,0
42315,118,0,0
42321,155,0,0
42327,118,0,0
42333,0,0,0
42339,85,0,0
42345,5,0,0
42351,45,0,0
42357,24,0,0
42363,23,0,0
42369,31,0,0
42375,18,0,0
42381,27,0,0
42387,16,0,0
42393,25,0,0
42399,18,0,0
42405,25,0,0
42411,19,0,0
42417,23,0,0
42423,19,0,0
42429,22,0,0
42435,20,0,0
42441,18,0,0
42447,22,0,0
42453,24,0,0
42459,21,0,0
42465,16,0,0
42471,23,0,0
42477,19,0,0
42483,18,0,0
42489,17,0,0
42495,20,0,0
42501,19,0,0
42507,18,0,0
42513,18,0,0
42519,17,0,0
42525,19,0,0
42531,17,0,0
42537,18,0,0
42543,18,0,0
42549,23,0,0
42555,17,0,0
42561,17,0,0
42567,16,0,0
42573,19,0,0
42579,17,0,0
42585,18,0,0
42591,18,0,0
42597,16,0,0
42603,18,0,0
42609,19,0,0
42615,18,0,0
42621,19,0,0
42627,18,0,0
42633,16,0,0
42639,15,0,0
42645,17,0,0
42651,19,0,0
42657,16,0,0
42663,17,0,0
42669,19,0,0
42675,17,0,0
42681,16,0,0
42687,16,0,0
42693,17,0,0
42699,16,0,0
42705,16,0,0
42711,18,0,0
42717,15,0,0
42723,14,0,0
42729,15,0,0
42735,15,0,0
42741,15,0,0
42747,17,0,0
42753,18,0,0
42759,19,0,0
42765,18,0,0
42771,15,0,0
42777,18,0,0
42783,15,0,0
42789,17,0,0
42795,16,0,0
42801,17,0,0
42807,14,0,0
42813,16,0,0
42819,16,0,0
42825,16,0,0
42831,16,0,0
42837,11,0,0
42843,15,0,0
42849,16,0,0
42855,17,0,0
42861,16,0,0
42867,15,0,0
42873,13,0,0
42879,13,0,0
42885,16,0,0
42891,16,0,0
42897,15,0,0
42903,15,0,0
42909,14,0,0
42915,17,0,0
42921,15,0,0
42927,15,0,0
42933,16,0,0
42939,14,0,0
42945,16,0,0
42951,14,0,0
42957,17,0,0
42963,19,0,0
42969,14,0,0
42975,14,0,0
42981,26,0,0
42987,14,0,0
42993,16,0,0
42999,13,0,0
43005,17,0,0
43011,16,0,0
43017,16,0,0
43023,23,0,0
43029,15,0,0
43035,15,0,0
43041,15,0,0
43047,16,0,0
43053,13,0,0
43059,15,0,0
43065,18,0,0
43071,13,0,0
43077,17,0,0
43083,16,0,0
43089,13,0,0
43095,16,0,0
43101,15,0,0
43107,16,0,0
43113,16,0,0
43119,13,0,0
43125,14,0,0
43131,15,0,0
43137,13,0,0
43143,15,0,0
43149,14,0,0
43155,13,0,0
43211,1844,0,0
43217,493,0,0
43273,584,0,0
43279,0,0,0
43285,27,0,0
43291,51,0,0
43297,0,0,0
43303,56,0,0
43309,0,0,0
43315,37,0,0
43321,5,0,0
43327,17,0,0
43333,16,0,0
43339,16,0,0
43345,23,0,0
43351,20,0,0
43357,21,0,0
43363,14,0,0
43369,21,0,0
43375,16,0,0
43381,18,0,0
43387,17,0,0
43393,19,0,0
43399,17,0,0
43405,17,0,0
43411,14,0,0
43417,17,0,0
43423,16,0,0
43429,16,0,0
43435,17,0,0
43441,12,0,0
43447,16,0,0
43453,19,0,0
43459,13,0,0
43465,18,0,0
43471,15,0,0
43477,18,0,0
43483,15,0,0
43489,15,0,0
43495,17,0,0
43501,18,0,0
43507,14,0,0
43513,15,0,0
43519,21,0,0
43525,14,0,0
43531,54,0,0
43587,4095,0,0
43593,388,0,0
43599,466,0,0
43655,608,0,0
43661,17,0,0
43667,26,0,0
43673,16,0,0
43679,21,0,0
43685,21,0,0
43691,20,0,0
43697,20,0,0
43703,18,0,0
43709,18,0,0
43715,18,0,0
43721,16,0,0
43727,17,0,0
43733,19,0,0
43739,17,0,0
43745,20,0,0
43751,17,0,0
43757,17,0,0
43763,18,0,0
43769,18,0,0
43775,16,0,0
43781,15,0,0
43787,16,0,0
43793,18,0,0
43799,18,0,0
43805,13,0,0
43811,17,0,0
43817,20,0,0
43823,20,0,0
43829,16,0,0
43835,15,0,0
43841,15,0,0
43847,18,0,0
43853,14,0,0
43859,14,0,0
43865,15,0,0
43871,14,0,0
43877,15,0,0
43883,17,0,0
43889,16,0,0
43895,17,0,0
43901,15,0,0
43907,12,0,0
43913,16,0,0
43919,15,0,0
43925,12,0,0
43981,1721,0,0
43987,166,0,0
43993,218,0,0
43999,287,0,0
44005,176,0,0
44011,0,0,0
44017,18,0,0
44023,104,0,0
44029,53,0,0
44035,0,0,0
44041,0,0,0
44047,66,0,0
44053,21,0,0
44059,0,0,0
44065,56,0,0
44071,0,0,0
44077,54,0,0
44083,17,0,0
44089,36,0,0
44095,0,0,0
44101,35,0,0
44107,1,0,0
44113,18,0,0
44119,19,0,0
44125,7,0,0
44131,15,0,0
44137,17,0,0
44143,0,0,0
44199,2993,0,0
44205,222,0,0
44211,189,0,0
44217,149,0,0
44223,69,0,0
44229,0,0,0
44235,166,0,0
44241,132,0,0
44247,53,0,0
44253,39,0,0
44259,68,0,0
44265,27,0,0
44271,3,0,0
44277,38,0,0
44283,0,0,0
44289,34,0,0
44295,19,0,0
44301,2,0,0
44307,25,0,0
44313,7,0,0
44319,10,0,0
44325,71,0,0
44381,3911,0,0
44387,386,0,0
44393,379,0,0
44399,442,0,0
44405,288,0,0
44411,153,0,0
44417,10,0,0
44423,197,0,0
44429,132,0,0
44435,57,0,0
44441,23,0,0
44447,64,0,0
44453,21,0,0
44459,0,0,0
44465,47,0,0
44471,0,0,0
44477,23,0,0
44483,19,0,0
44489,7,0,0
44495,21,0,0
44501,13,0,0
44507,12,0,0
44513,16,0,0
44519,14,0,0
44525,17,0,0
44531,17,0,0
44537,16,0,0
44543,15,0,0
44549,17,0,0
44555,15,0,0
44561,18,0,0
44567,16,0,0
44573,16,0,0
44579,19,0,0
44585,15,0,0
44591,15,0,0
44597,15,0,0
44603,16,0,0
44609,15,0,0
44615,18,0,0
44621,15,0,0
44627,17,0,0
44633,17,0,0
44639,16,0,0
44645,17,0,0
44651,17,0,0
44657,18,0,0
44663,16,0,0
44669,14,0,0
44675,17,0,0
44681,17,0,0
44687,14,0,0
44693,17,0,0
44749,4095,0,0
44755,309,0,0
44811,549,0,0
44817,8,0,0
44823,15,0,0
44829,16,0,0
44835,17,0,0
44841,21,0,0
44847,17,0,0
44853,16,0,0
44859,16,0,0
44865,18,0,0
44871,13,0,0
44877,17,0,0
44883,18,0,0
44889,17,0,0
44895,16,0,0
44901,15,0,0
44957,1034,0,0
44963,17,0,0
44969,21,0,0
44975,17,0,0
44981,13,0,0
44987,14,0,0
44993,12,0,0
44999,15,0,0
45005,19,0,0
45011,14,0,0
45017,15,0,0
45023,13,0,0
45029,13,0,0
45035,13,0,0
45041,14,0,0
45047,14,0,0
45053,13,0,0
45059,13,0,0
45065,15,0,0
45071,12,0,0
45077,15,0,0
45083,15,0,0
45089,13,0,0
45095,14,0,0
45101,14,0,0
45107,90,0,0
45113,254,0,0
45169,836,0,0
45175,102,0,0
45181,0,0,0
45187,97,0,0
45193,114,0,0
45199,28,0,0
45205,3,0,0
45211,0,0,0
45217,60,0,0
45223,22,0,0
45229,5,0,0
45235,14,0,0
45241,31,0,0
45247,5,0,0
45253,27,0,0
45259,8,0,0
45265,9,0,0
45271,14,0,0
45277,10,0,0
45283,13,0,0
45289,13,0,0
45295,12,0,0
45301,15,0,0
45307,15,0,0
45313,16,0,0
45319,11,0,0
45325,10,0,0
45331,14,0,0
45337,14,0,0
45343,11,0,0
45349,13,0,0
45355,15,0,0
45361,14,0,0
45367,14,0,0
45373,15,0,0
45379,14,0,0
45385,15,0,0
45391,14,0,0
45397,15,0,0
45403,11,0,0
45409,14,0,0
45415,12,0,0
45421,12,0,0
45427,15,0,0
45433,13,0,0
45439,11,0,0
45445,13,0,0
45451,10,0,0
45457,13,0,0
45463,11,0,0
45469,14,0,0
45475,13,0,0
45531,1740,0,0
45537,158,0,0
45543,115,0,0
45549,41,0,0
45555,5,0,0
45561,71,0,0
45567,25,0,0
45573,0,0,0
45579,45,0,0
45585,20,0,0
45591,43,0,0
45597,28,0,0
45603,21,0,0
45609,0,0,0
45615,27,0,0
45621,0,0,0
45627,15,0,0
45633,16,0,0
45639,8,0,0
45645,14,0,0
45651,13,0,0
45657,11,0,0
45663,13,0,0
45669,12,0,0
45675,14,0,0
45681,13,0,0
45687,10,0,0
45693,12,0,0
45699,14,0,0
45705,11,0,0
45711,11,0,0
45717,11,0,0
45773,2330,0,0
45779,49,0,0
45785,0,0,0
45791,45,0,0
45797,0,0,0
45803,42,0,0
45809,0,0,0
45815,12,0,0
45821,26,0,0
45827,1,0,0
45833,18,0,0
45839,19,0,0
45845,8,0,0
45851,15,0,0
45857,13,0,0
45863,10,0,0
45869,14,0,0
45875,12,0,0
45881,12,0,0
45887,13,0,0
45893,16,0,0
45899,11,0,0
45905,11,0,0
45911,15,0,0
45967,1452,0,0
45973,250,0,0
45979,146,0,0
45985,76,0,0
45991,48,0,0
45997,33,0,0
46003,23,0,0
46009,19,0,0
46015,14,0,0
46021,16,0,0
46027,15,0,0
46033,15,0,0
46039,14,0,0
46045,15,0,0
46051,17,0,0
46057,16,0,0
46063,16,0,0
46069,14,0,0
46075,15,0,0
46081,17,0,0
46087,17,0,0
46093,12,0,0
46099,15,0,0
46105,18,0,0
46111,14,0,0
46117,13,0,0
46123,13,0,0
46129,11,0,0
46185,4095,0,0
46191,153,0,0
46197,69,0,0
46203,65,0,0
46209,32,0,0
46215,22,0,0
46221,25,0,0
46227,18,0,0
46233,15,0,0
46239,17,0,0
46245,18,0,0
46251,17,0,0
46257,20,0,0
46263,14,0,0
46269,18,0,0
46275,16,0,0
46281,16,0,0
46287,14,0,0
46293,14,0,0
46299,14,0,0
46305,16,0,0
46311,16,0,0
46317,15,0,0
46323,16,0,0
46329,15,0,0
46335,17,0,0
46341,19,0,0
46347,17,0,0
46353,17,0,0
46359,17,0,0
46365,15,0,0
46371,17,0,0
46377,16,0,0
46383,16,0,0
46389,15,0,0
46395,16,0,0
46401,15,0,0
46407,15,0,0
46413,15,0,0
46419,15,0,0
46425,15,0,0
46431,15,0,0
46437,16,0,0
46443,17,0,0
46449,16,0,0
46455,16,0,0
46461,15,0,0
46467,14,0,0
46473,11,0,0
46479,15,0,0
46485,15,0,0
46491,14,0,0
46497,13,0,0
46503,16,0,0
46509,14,0,0
46515,15,0,0
46521,15,0,0
46527,14,0,0
46533,17,0,0
46539,14,0,0
46545,12,0,0
46551,14,0,0
46557,190,0,0
46613,1535,0,0
46619,0,0,0
46625,67,0,0
46631,40,0,0
46637,0,0,0
46643,51,0,0
46649,27,0,0
46655,27,0,0
46661,33,0,0
46667,28,0,0
46673,0,0,0
46679,30,0,0
46685,3,0,0
46691,10,0,0
46697,20,0,0
46703,9,0,0
46709,13,0,0
46715,16,0,0
46721,8,0,0
46727,13,0,0
46733,12,0,0
46739,14,0,0
46745,18,0,0
46751,12,0,0
46757,13,0,0
46763,12,0,0
46769,13,0,0
46775,15,0,0
46781,16,0,0
46787,16,0,0
46793,16,0,0
46799,14,0,0
46805,15,0,0
46811,16,0,0
46817,15,0,0
46823,16,0,0
46829,15,0,0
46835,16,0,0
46841,14,0,0
46847,13,0,0
46853,13,0,0
46859,15,0,0
46865,14,0,0
46871,13,0,0
46877,12,0,0
46883,12,0,0
46889,14,0,0
46895,16,0,0
46901,13,0,0
46957,2739,0,0
46963,218,0,0
46969,237,0,0
46975,291,0,0
46981,428,0,0
46987,363,0,0
46993,204,0,0
46999,64,0,0
47005,137,0,0
47011,72,0,0
47017,0,0,0
47023,80,0,0
47029,47,0,0
47035,0,0,0
47041,50,0,0
47047,0,0,0
47053,46,0,0
47059,0,0,0
47065,20,0,0
47071,29,0,0
47077,2,0,0
47083,19,0,0
47089,18,0,0
47095,13,0,0
47101,15,0,0
47107,18,0,0
47113,17,0,0
47119,15,0,0
47125,15,0,0
47131,13,0,0
47137,20,0,0
47143,17,0,0
47149,15,0,0
47155,15,0,0
47161,14,0,0
47167,16,0,0
47173,15,0,0
47179,16,0,0
47185,14,0,0
47191,13,0,0
47197,15,0,0
47203,11,0,0
47209,14,0,0
47215,15,0,0
47221,16,0,0
47227,16,0,0
47233,17,0,0
47239,13,0,0
47245,16,0,0
47251,15,0,0
47257,17,0,0
47263,18,0,0
47269,15,0,0
47275,14,0,0
47281,16,0,0
47287,15,0,0
47293,15,0,0
47299,15,0,0
47305,14,0,0
47311,15,0,0
47317,12,0,0
47323,14,0,0
47329,15,0,0
47335,15,0,0
47341,13,0,0
47347,14,0,0
47353,11,0,0
47359,14,0,0
47365,13,0,0
47371,9,0,0
47377,10,0,0
47383,11,0,0
47389,10,0,0
47395,139,0,0
47401,23,0,0
47407,0,0,0
47413,0,0,0
47419,0,0,0
47425,0,0,0
47431,0,0,0
47437,0,0,0
47443,0,0,0
47449,7,0,0
47455,0,0,0
47461,8,0,0
47467,15,0,0
47473,70,0,0
47479,155,0,0
47485,204,0,0
47491,227,0,0
47497,194,0,0
47503,76,0,0
47509,0,0,0
47515,100,0,0
47521,70,0,0
47527,20,0,0
47533,0,0,0
47539,46,0,0
47545,0,0,0
47551,51,0,0
47557,9,0,0
47563,41,0,0
47569,0,0,0
47575,30,0,0
47581,0,0,0
47587,12,0,0
47593,21,0,0
47599,11,0,0
47605,9,0,0
47611,13,0,0
47617,16,0,0
47623,12,0,0
47629,14,0,0
47635,15,0,0
47641,15,0,0
47647,13,0,0
47653,13,0,0
47659,15,0,0
47665,16,0,0
47671,13,0,0
47677,14,0,0
47683,13,0,0
47689,14,0,0
47695,14,0,0
47701,13,0,0
47707,16,0,0
47713,15,0,0
47719,15,0,0
47725,14,0,0
47731,13,0,0
47737,10,0,0
47743,12,0,0
47749,12,0,0
47755,169,0,0
47811,1291,0,0
47817,41,0,0
47823,172,0,0
47829,241,0,0
47835,255,0,0
47841,304,0,0
47847,300,0,0
47853,275,0,0
47859,244,0,0
47865,149,0,0
47871,35,0,0
47877,97,0,0
47883,63,0,0
47889,12,0,0
47895,47,0,0
47901,49,0,0
47907,0,0,0
47913,50,0,0
47919,18,0,0
47925,34,0,0
47931,9,0,0
47937,25,0,0
47943,8,0,0
47949,23,0,0
47955,9,0,0
47961,21,0,0
47967,14,0,0
47973,15,0,0
47979,18,0,0
47985,14,0,0
47991,15,0,0
47997,14,0,0
48003,12,0,0
48009,16,0,0
48015,14,0,0
48021,17,0,0
48027,16,0,0
48033,15,0,0
48039,13,0,0
48045,16,0,0
48051,14,0,0
48057,14,0,0
48063,14,0,0
48069,16,0,0
48075,16,0,0
48081,14,0,0
48087,16,0,0
48093,17,0,0
48099,16,0,0
48105,15,0,0
48111,12,0,0
48117,15,0,0
48123,12,0,0
48129,15,0,0
48135,18,0,0
48141,15,0,0
48147,15,0,0
48153,13,0,0
48159,14,0,0
48165,13,0,0
48171,14,0,0
48177,14,0,0
48183,13,0,0
48189,15,0,0
48195,16,0,0
48201,13,0,0
48207,13,0,0
48213,14,0,0
48219,16,0,0
48225,14,0,0
48231,11,0,0
48237,12,0,0
48243,0,0,0
48299,703,0,0
48305,0,0,0
48311,56,0,0
48317,132,0,0
48323,179,0,0
48329,233,0,0
48335,304,0,0
48341,325,0,0
48347,283,0,0
48353,140,0,0
48359,34,0,0
48365,99,0,0
48371,50,0,0
48377,0,0,0
48383,57,0,0
48389,7,0,0
48395,40,0,0
48401,23,0,0
48407,17,0,0
48413,21,0,0
48419,11,0,0
48425,20,0,0
48431,10,0,0
48437,16,0,0
48443,7,0,0
48449,14,0,0
48455,12,0,0
48461,13,0,0
48467,14,0,0
48473,10,0,0
48479,14,0,0
48485,14,0,0
48491,12,0,0
48497,16,0,0
48503,10,0,0
48509,12,0,0
48515,13,0,0
48521,15,0,0
48527,12,0,0
48533,12,0,0
48539,14,0,0
48545,14,0,0
48551,12,0,0
48557,16,0,0
48563,14,0,0
48569,13,0,0
48575,14,0,0
48581,14,0,0
48587,14,0,0
48593,11,0,0
48599,15,0,0
48605,13,0,0
48611,15,0,0
48617,15,0,0
48623,13,0,0
48629,15,0,0
48635,14,0,0
48641,15,0,0
48647,14,0,0
48653,12,0,0
48659,13,0,0
48665,14,0,0
48671,11,0,0
48677,12,0,0
48683,16,0,0
48689,17,0,0
48695,14,0,0
48701,12,0,0
48707,14,0,0
48713,13,0,0
48719,13,0,0
48725,11,0,0
48731,11,0,0
48737,11,0,0
48743,10,0,0
48749,11,0,0
48755,8,0,0
48761,12,0,0
48767,9,0,0
48773,9,0,0
48779,11,0,0
48785,7,0,0
48791,68,0,0
48797,3,0,0
48803,0,0,0
48809,0,0,0
48815,0,0,0
48821,0,0,0
48827,1,0,0
48833,0,0,0
48839,0,0,0
48845,0,0,0
48851,0,0,0
48857,0,0,0
48863,0,0,0
48869,0,0,0
48875,0,0,0
48881,73,0,0
48887,113,0,0
48893,171,0,0
48899,181,0,0
48905,204,0,0
48911,125,0,0
48917,38,0,0
48923,69,0,0
48929,0,0,0
48935,53,0,0
48941,2,0,0
48947,23,0,0
48953,8,0,0
48959,15,0,0
48965,12,0,0
48971,10,0,0
48977,14,0,0
48983,9,0,0
48989,11,0,0
48995,11,0,0
49001,12,0,0
49007,12,0,0
49013,11,0,0
49019,14,0,0
49025,11,0,0
49031,12,0,0
49037,12,0,0
49043,10,0,0
49049,15,0,0
49055,11,0,0
49061,14,0,0
49067,12,0,0
49073,18,0,0
49079,10,0,0
49085,14,0,0
49091,14,0,0
49097,13,0,0
49103,13,0,0
49109,14,0,0
49115,16,0,0
49121,13,0,0
49127,14,0,0
49133,14,0,0
49139,14,0,0
49145,16,0,0
49151,16,0,0
49157,15,0,0
49163,14,0,0
49169,11,0,0
49175,16,0,0
49181,18,0,0
49187,13,0,0
49193,18,0,0
49199,14,0,0
49205,13,0,0
49211,15,0,0
49217,13,0,0
49223,13,0,0
49229,13,0,0
49235,14,0,0
49241,13,0,0
49247,13,0,0
49253,13,0,0
49259,11,0,0
49265,46,0,0
49271,193,0,0
49277,150,0,0
49283,6,0,0
49289,0,0,0
49295,0,0,0
49301,0,0,0
49307,0,0,0
49313,0,0,0
49319,0,0,0
49325,0,0,0
49331,0,0,0
49337,17,0,0
49343,63,0,0
49349,117,0,0
49355,160,0,0
49361,219,0,0
49367,273,0,0
49373,267,0,0
49379,223,0,0
49385,170,0,0
49391,168,0,0
49397,35,0,0
49403,88,0,0
49409,59,0,0
49415,0,0,0
49421,56,0,0
49427,5,0,0
49433,30,0,0
49439,13,0,0
49445,15,0,0
49451,19,0,0
49457,14,0,0
49463,26,0,0
49469,9,0,0
49475,17,0,0
49481,13,0,0
49487,19,0,0
49493,15,0,0
49499,19,0,0
49505,17,0,0
49511,17,0,0
49517,17,0,0
49523,18,0,0
49529,18,0,0
49535,21,0,0
49541,16,0,0
49547,18,0,0
49553,17,0,0
49559,18,0,0
49565,17,0,0
49571,17,0,0
49577,20,0,0
49583,19,0,0
49589,18,0,0
49595,20,0,0
49601,18,0,0
49607,17,0,0
49613,18,0,0
49619,20,0,0
49625,18,0,0
49631,18,0,0
49637,17,0,0
49643,16,0,0
49649,19,0,0
49655,19,0,0
49661,19,0,0
49667,19,0,0
49673,16,0,0
49679,18,0,0
49685,17,0,0
49691,15,0,0
49697,13,0,0
49703,15,0,0
49709,14,0,0
49715,16,0,0
49721,15,0,0
49727,14,0,0
49733,14,0,0
49739,11,0,0
49795,516,0,0
49801,0,0,0
49807,0,0,0
49813,0,0,0
49819,43,0,0
49825,102,0,0
49831,173,0,0
49837,231,0,0
49843,272,0,0
49849,285,0,0
49855,282,0,0
49861,278,0,0
49867,275,0,0
49873,255,0,0
49879,157,0,0
49885,74,0,0
49891,92,0,0
49897,77,0,0
49903,50,0,0
49909,7,0,0
49915,63,0,0
49921,37,0,0
49927,0,0,0
49933,45,0,0
49939,0,0,0
49945,38,0,0
49951,1,0,0
49957,26,0,0
49963,10,0,0
49969,26,0,0
49975,7,0,0
49981,19,0,0
49987,13,0,0
49993,15,0,0
49999,18,0,0
50005,13,0,0
50011,15,0,0
50017,14,0,0
50023,15,0,0
50029,14,0,0
50035,16,0,0
50041,16,0,0
50047,16,0,0
50053,19,0,0
50059,14,0,0
50065,18,0,0
50071,17,0,0
50077,16,0,0
50083,18,0,0
50089,16,0,0
50095,16,0,0
50101,16,0,0
50107,18,0,0
50113,17,0,0
50119,17,0,0
50125,14,0,0
50131,15,0,0
50137,14,0,0
50143,13,0,0
50149,19,0,0
50155,16,0,0
50161,16,0,0
50167,16,0,0
50173,13,0,0
50179,16,0,0
50185,14,0,0
50191,14,0,0
50197,14,0,0
50203,11,0,0
50209,12,0,0
50215,15,0,0
50221,13,0,0
50227,14,0,0
50233,14,0,0
50239,12,0,0
50245,14,0,0
50251,13,0,0
50257,11,0,0
50263,290,0,0
50269,101,0,0
50275,348,0,0
50331,800,0,0
50337,125,0,0
50343,213,0,0
50349,256,0,0
50355,226,0,0
50361,182,0,0
50367,133,0,0
50373,56,0,0
50379,0,0,0
50385,102,0,0
50391,36,0,0
50397,39,0,0
50403,19,0,0
50409,26,0,0
50415,22,0,0
50421,0,0,0
50427,20,0,0
50433,5,0,0
50439,5,0,0
50445,14,0,0
50451,7,0,0
50457,9,0,0
50463,13,0,0
50469,9,0,0
50475,11,0,0
50481,11,0,0
50487,11,0,0
50493,14,0,0
50499,14,0,0
50505,11,0,0
50511,14,0,0
50517,12,0,0
50523,9,0,0
50529,14,0,0
50535,16,0,0
50541,11,0,0
50547,11,0,0
50553,14,0,0
50559,13,0,0
50565,14,0,0
50571,13,0,0
50577,14,0,0
50583,11,0,0
50589,12,0,0
50595,13,0,0
50601,13,0,0
50607,15,0,0
50613,14,0,0
50619,15,0,0
50625,14,0,0
50631,15,0,0
50637,11,0,0
50643,16,0,0
50649,14,0,0
50655,13,0,0
50661,15,0,0
50667,13,0,0
50673,10,0,0
50679,12,0,0
50685,10,0,0
50691,12,0,0
50697,9,0,0
50703,8,0,0
50709,130,0,0
50715,28,0,0
50721,141,0,0
50727,0,0,0
50733,0,0,0
50739,0,0,0
50745,0,0,0
50751,0,0,0
50757,0,0,0
50763,0,0,0
50769,0,0,0
50775,31,0,0
50781,71,0,0
50787,112,0,0
50793,143,0,0
50799,208,0,0
50805,213,0,0
50811,162,0,0
50817,0,0,0
50823,11,0,0
50829,115,0,0
50835,47,0,0
50841,15,0,0
50847,31,0,0
50853,93,0,0
50859,43,0,0
50865,0,0,0
50871,67,0,0
50877,40,0,0
50883,0,0,0
50889,47,0,0
50895,0,0,0
50901,46,0,0
50907,0,0,0
50913,24,0,0
50919,20,0,0
50925,4,0,0
50931,22,0,0
50937,16,0,0
50943,12,0,0
50949,19,0,0
50955,18,0,0
50961,13,0,0
50967,17,0,0
50973,20,0,0
50979,16,0,0
50985,18,0,0
50991,17,0,0
50997,16,0,0
51003,15,0,0
51009,14,0,0
51015,17,0,0
51021,17,0,0
51027,18,0,0
51033,20,0,0
51039,16,0,0
51045,17,0,0
51051,17,0,0
51057,16,0,0
51063,17,0,0
51069,16,0,0
51075,15,0,0
51081,15,0,0
51087,16,0,0
51093,16,0,0
51099,15,0,0
51105,14,0,0
51111,15,0,0
51117,13,0,0
51123,15,0,0
51129,15,0,0
51135,11,0,0
51141,15,0,0
51147,15,0,0
51153,13,0,0
51159,13,0,0
51165,0,0,0
51221,502,0,0
51227,0,0,0
51233,0,0,0
51238,12,0,0
51244,47,0,0
51250,82,0,0
51256,105,0,0
51262,144,0,0
51268,188,0,0
51274,249,0,0
51280,330,0,0
51286,252,0,0
51292,97,0,0
51298,70,0,0
51304,48,0,0
51310,17,0,0
51316,27,0,0
51322,17,0,0
51328,17,0,0
51334,14,0,0
51340,15,0,0
51346,18,0,0
51352,16,0,0
51358,17,0,0
51364,18,0,0
51370,16,0,0
51376,13,0,0
51382,16,0,0
51388,11,0,0
51394,20,0,0
51400,15,0,0
51406,18,0,0
51412,17,0,0
51418,19,0,0
51424,21,0,0
51430,18,0,0
51436,18,0,0
51442,20,0,0
51448,17,0,0
51454,18,0,0
51460,16,0,0
51466,15,0,0
51472,16,0,0
51478,18,0,0
51484,16,0,0
51490,16,0,0
51496,15,0,0
51502,20,0,0
51508,17,0,0
51514,16,0,0
51520,17,0,0
51526,16,0,0
51532,16,0,0
51538,15,0,0
51544,13,0,0
51550,18,0,0
51556,16,0,0
51562,14,0,0
51568,14,0,0
51574,15,0,0
51580,12,0,0
51586,15,0,0
51592,14,0,0
51598,13,0,0
51604,13,0,0
51610,11,0,0
51666,602,0,0
51672,0,0,0
51678,0,0,0
51684,0,0,0
51690,0,0,0
51696,0,0,0
51702,0,0,0
51708,0,0,0
51714,0,0,0
51720,2,0,0
51726,0,0,0
51732,0,0,0
51738,1,0,0
51744,3,0,0
51750,6,0,0
51756,93,0,0
51762,5,0,0
51768,43,0,0
51774,0,0,0
51780,9,0,0
51786,15,0,0
51792,1,0,0
51798,10,0,0
51804,14,0,0
51810,10,0,0
51816,10,0,0
51822,11,0,0
51828,14,0,0
51834,11,0,0
51840,13,0,0
51846,14,0,0
51852,12,0,0
51858,14,0,0
51864,15,0,0
51870,15,0,0
51876,14,0,0
51882,11,0,0
51888,14,0,0
51894,16,0,0
51900,14,0,0
51906,18,0,0
51912,16,0,0
51918,18,0,0
51924,14,0,0
51930,16,0,0
51936,16,0,0
51942,13,0,0
51948,17,0,0
51954,17,0,0
51960,13,0,0
51966,17,0,0
51972,15,0,0
51978,15,0,0
51984,17,0,0
51990,15,0,0
51996,15,0,0
52002,15,0,0
52008,17,0,0
52014,16,0,0
52020,14,0,0
52026,15,0,0
52032,17,0,0
52038,13,0,0
52044,16,0,0
52050,13,0,0
52056,13,0,0
52062,15,0,0
52068,11,0,0
52074,30,0,0
52080,308,0,0
52086,0,0,0
52092,139,0,0
52098,0,0,0
52104,0,0,0
52110,0,0,0
52116,0,0,0
52122,0,0,0
52128,0,0,0
52134,0,0,0
52140,0,0,0
52146,6,0,0
52152,77,0,0
52158,129,0,0
52164,161,0,0
52170,186,0,0
52176,193,0,0
52182,164,0,0
52188,122,0,0
52194,51,0,0
52200,0,0,0
52206,228,0,0
52212,103,0,0
52218,73,0,0
52224,7,0,0
52230,40,0,0
52236,31,0,0
52242,13,0,0
52248,39,0,0
52254,1,0,0
52260,24,0,0
52266,12,0,0
52272,11,0,0
52278,19,0,0
52284,12,0,0
52290,16,0,0
52296,16,0,0
52302,14,0,0
52308,17,0,0
52314,17,0,0
52320,14,0,0
52326,16,0,0
52332,17,0,0
52338,15,0,0
52344,17,0,0
52350,16,0,0
52356,16,0,0
52362,15,0,0
52368,13,0,0
52374,13,0,0
52380,17,0,0
52386,16,0,0
52392,13,0,0
52398,16,0,0
52404,14,0,0
52410,15,0,0
52416,16,0,0
52422,15,0,0
52428,18,0,0
52434,15,0,0
52440,14,0,0
52446,14,0,0
52452,16,0,0
52458,13,0,0
52464,0,0,0
52520,752,0,0
52526,181,0,0
52532,248,0,0
52538,271,0,0
52544,171,0,0
52550,49,0,0
52556,55,0,0
52562,103,0,0
52568,38,0,0
52574,48,0,0
52580,81,0,0
52586,57,0,0
52592,0,0,0
52598,68,0,0
52604,20,0,0
52610,48,0,0
52616,1,0,0
52622,44,0,0
52628,0,0,0
52634,27,0,0
52640,17,0,0
52646,9,0,0
52652,22,0,0
52658,13,0,0
52664,14,0,0
52670,15,0,0
52676,13,0,0
52682,12,0,0
52688,16,0,0
52694,12,0,0
52700,15,0,0
52706,14,0,0
52712,15,0,0
52718,20,0,0
52724,14,0,0
52730,17,0,0
52736,16,0,0
52742,16,0,0
52748,17,0,0
52754,15,0,0
52760,14,0,0
52766,23,0,0
52772,17,0,0
52778,18,0,0
52784,18,0,0
52790,20,0,0
52796,19,0,0
52802,18,0,0
52808,18,0,0
52814,22,0,0
52820,18,0,0
52826,20,0,0
52832,19,0,0
52838,14,0,0
52844,17,0,0
52850,19,0,0
52856,16,0,0
52862,18,0,0
52868,16,0,0
52924,3250,0,0
52930,441,0,0
52936,229,0,0
52942,105,0,0
52948,151,0,0
52954,0,0,0
52960,88,0,0
52966,0,0,0
52972,74,0,0
52978,0,0,0
52984,30,0,0
52990,30,0,0
52996,10,0,0
53002,25,0,0
53008,20,0,0
53014,17,0,0
53020,22,0,0
53026,19,0,0
53032,16,0,0
53038,21,0,0
53044,19,0,0
53050,18,0,0
53056,16,0,0
53062,20,0,0
53068,21,0,0
53074,20,0,0
53080,18,0,0
53086,15,0,0
53092,17,0,0
53098,19,0,0
53104,16,0,0
53160,1609,0,0
53166,171,0,0
53172,333,0,0
53178,443,0,0
53184,395,0,0
53190,278,0,0
53196,3,0,0
53202,35,0,0
53208,130,0,0
53214,58,0,0
53220,0,0,0
53226,53,0,0
53232,69,0,0
53238,0,0,0
53244,84,0,0
53250,44,0,0
53256,3,0,0
53262,32,0,0
53268,36,0,0
53274,0,0,0
53280,33,0,0
53286,14,0,0
53292,12,0,0
53298,21,0,0
53304,17,0,0
53310,14,0,0
53316,0,0,0
53372,3985,0,0
53378,59,0,0
53384,81,0,0
53390,29,0,0
53396,0,0,0
53402,55,0,0
53408,0,0,0
53414,63,0,0
53420,0,0,0
53426,57,0,0
53432,0,0,0
53438,22,0,0
53444,21,0,0
53450,9,0,0
53456,22,0,0
53462,17,0,0
53468,14,0,0
53474,21,0,0
53480,16,0,0
53486,17,0,0
53492,16,0,0
53498,15,0,0
53504,16,0,0
53510,34,0,0
53566,3845,0,0
53572,321,0,0
53578,86,0,0
53584,174,0,0
53590,111,0,0
53596,0,0,0
53602,21,0,0
53608,73,0,0
53614,0,0,0
53620,66,0,0
53626,0,0,0
53632,60,0,0
53638,0,0,0
53644,41,0,0
53650,9,0,0
53656,15,0,0
53662,26,0,0
53668,11,0,0
53674,18,0,0
53680,18,0,0
53686,13,0,0
53742,2653,0,0
53748,414,0,0
53804,510,0,0
53810,0,0,0
53816,67,0,0
53822,35,0,0
53828,34,0,0
53834,8,0,0
53840,44,0,0
53846,0,0,0
53852,32,0,0
53858,8,0,0
53864,15,0,0
53870,22,0,0
53876,16,0,0
53882,20,0,0
53888,17,0,0
53894,13,0,0
53900,16,0,0
53906,15,0,0
53912,19,0,0
53918,16,0,0
53924,18,0,0
53930,17,0,0
53936,17,0,0
53942,18,0,0
53948,17,0,0
53954,13,0,0
53960,15,0,0
53966,18,0,0
53972,13,0,0
53978,17,0,0
53984,16,0,0
53990,17,0,0
53996,16,0,0
54002,17,0,0
54008,17,0,0
54014,24,0,0
54020,16,0,0
54026,16,0,0
54032,16,0,0
54038,18,0,0
54044,17,0,0
54050,15,0,0
54056,15,0,0
54062,15,0,0
54068,13,0,0
54074,18,0,0
54080,457,0,0
54136,4095,0,0
54142,196,0,0
54148,289,0,0
54154,448,0,0
54210,662,0,0
54216,100,0,0
54222,54,0,0
54228,27,0,0
54234,91,0,0
54240,43,0,0
54246,1,0,0
54252,57,0,0
54258,0,0,0
54264,56,0,0
54270,0,0,0
54276,35,0,0
54282,23,0,0
54288,13,0,0
54294,26,0,0
54300,14,0,0
54306,23,0,0
54312,20,0,0
54318,19,0,0
54324,21,0,0
54330,19,0,0
54336,20,0,0
54342,20,0,0
54348,19,0,0
54354,20,0,0
54360,18,0,0
54366,20,0,0
54372,18,0,0
54428,3713,0,0
54484,711,0,0
54490,47,0,0
54496,0,0,0
54502,51,0,0
54508,0,0,0
54514,34,0,0
54520,25,0,0
54526,6,0,0
54532,32,0,0
54538,10,0,0
54544,21,0,0
54550,18,0,0
54556,15,0,0
54612,1030,0,0
54668,572,0,0
54674,112,0,0
54680,52,0,0
54686,99,0,0
54692,6,0,0
54698,49,0,0
54704,9,0,0
54710,25,0,0
54716,22,0,0
54722,14,0,0
54728,23,0,0
54734,23,0,0
54740,21,0,0
54746,21,0,0
54752,18,0,0
54758,21,0,0
54764,19,0,0
54770,20,0,0
54776,19,0,0
54782,18,0,0
54788,19,0,0
54794,18,0,0
54800,15,0,0
54806,16,0,0
54812,19,0,0
54818,17,0,0
54824,15,0,0
54830,17,0,0
54836,19,0,0
54842,14,0,0
54848,16,0,0
54854,15,0,0
54860,18,0,0
54866,15,0,0
54872,13,0,0
54878,15,0,0
54884,13,0,0
54940,918,0,0
54946,89,0,0
54952,102,0,0
54958,122,0,0
54964,125,0,0
54970,91,0,0
54976,70,0,0
54982,30,0,0
54988,3,0,0
54994,45,0,0
55000,0,0,0
55006,26,0,0
55012,19,0,0
55018,11,0,0
55024,21,0,0
55030,15,0,0
55036,17,0,0
55042,20,0,0
55048,14,0,0
55054,17,0,0
55060,17,0,0
55066,15,0,0
55072,16,0,0
55078,16,0,0
55084,18,0,0
55090,16,0,0
55096,16,0,0
55102,16,0,0
55108,15,0,0
55164,731,0,0
55170,10,0,0
55176,15,0,0
55182,17,0,0
55188,11,0,0
55194,16,0,0
55200,15,0,0
55206,14,0,0
55212,16,0,0
55218,14,0,0
55224,16,0,0
55230,18,0,0
55236,16,0,0
55242,16,0,0
55248,17,0,0
55254,18,0,0
55260,17,0,0
55266,16,0,0
55272,18,0,0
55278,18,0,0
55284,14,0,0
55290,17,0,0
55296,18,0,0
55302,17,0,0
55308,19,0,0
55314,18,0,0
55320,18,0,0
55326,16,0,0
55332,19,0,0
55338,19,0,0
55344,17,0,0
55350,16,0,0
55356,19,0,0
55362,16,0,0
55368,18,0,0
55374,19,0,0
55380,20,0,0
55386,17,0,0
55392,18,0,0
55398,18,0,0
55404,18,0,0
55410,18,0,0
55416,18,0,0
55422,18,0,0
55428,17,0,0
55434,16,0,0
55440,57,0,0
55446,221,0,0
55452,490,0,0
55458,368,0,0
55464,0,0,0
55470,0,0,0
55476,0,0,0
55482,0,0,0
55488,0,0,0
55494,0,0,0
55500,0,0,0
55506,44,0,0
55512,114,0,0
55518,127,0,0
55524,100,0,0
55530,64,0,0
55536,0,0,0
55542,0,0,0
55548,0,0,0
55554,95,0,0
55560,0,0,0
55566,17,0,0
55572,78,0,0
55578,41,0,0
55584,0,0,0
55590,54,0,0
55596,41,0,0
55602,0,0,0
55608,46,0,0
55614,8,0,0
55620,48,0,0
55626,0,0,0
55632,38,0,0
55638,1,0,0
55644,14,0,0
55700,2018,0,0
55706,0,0,0
55712,0,0,0
55718,0,0,0
55724,0,0,0
55730,0,0,0
55736,0,0,0
55742,0,0,0
55748,87,0,0
55754,184,0,0
55760,222,0,0
55766,267,0,0
55772,216,0,0
55778,149,0,0
55784,99,0,0
55790,52,0,0
55796,17,0,0
55802,37,0,0
55808,4,0,0
55814,22,0,0
55820,13,0,0
55826,10,0,0
55832,18,0,0
55838,12,0,0
55844,11,0,0
55850,17,0,0
55856,16,0,0
55862,16,0,0
55868,24,0,0
55874,18,0,0
55880,16,0,0
55886,110,0,0
55892,419,0,0
55898,315,0,0
55904,16,0,0
55910,498,0,0
55966,2011,0,0
55972,0,0,0
55978,66,0,0
55984,108,0,0
56040,2726,0,0
56046,62,0,0
56052,44,0,0
56058,0,0,0
56064,47,0,0
56070,0,0,0
56076,34,0,0
56082,18,0,0
56088,4,0,0
56094,29,0,0
56100,12,0,0
56106,19,0,0
56112,18,0,0
56118,13,0,0
56124,18,0,0
56130,18,0,0
56136,13,0,0
56142,17,0,0
56148,16,0,0
56154,14,0,0
56160,15,0,0
56166,18,0,0
56172,16,0,0
56178,18,0,0
56184,19,0,0
56190,17,0,0
56196,18,0,0
56202,18,0,0
56208,18,0,0
56214,16,0,0
56220,17,0,0
56226,16,0,0
56232,64,0,0
56288,4082,0,0
56294,0,0,0
56300,0,0,0
56306,0,0,0
56312,12,0,0
56318,9,0,0
56324,0,0,0
56330,234,0,0
56336,7,0,0
56342,96,0,0
56348,108,0,0
56354,154,0,0
56360,224,0,0
56366,241,0,0
56372,162,0,0
56378,89,0,0
56384,40,0,0
56390,38,0,0
56396,19,0,0
56402,12,0,0
56408,9,0,0
56414,9,0,0
56420,12,0,0
56426,12,0,0
56432,0,0,0
56438,0,0,0
56444,0,0,0
56450,0,0,0
56456,0,0,0
56462,0,0,0
56468,0,0,0
56474,0,0,0
56480,0,0,0
56486,0,0,0
56492,0,0,0
56498,0,0,0
56504,0,0,0
56510,22,0,0
56516,58,0,0
56522,75,0,0
56528,82,0,0
56534,97,0,0
56590,1343,0,0
56596,0,0,0
56602,0,0,0
56608,0,0,0
56614,0,0,0
56620,1,0,0
56626,49,0,0
56632,31,0,0
56638,24,0,0
56644,22,0,0
56650,22,0,0
56656,1,0,0
56662,0,0,0
56668,0,0,0
56674,150,0,0
56680,53,0,0
56686,19,0,0
56692,44,0,0
56698,2,0,0
56704,16,0,0
56710,0,0,0
56716,12,0,0
56722,3,0,0
56728,8,0,0
56734,6,0,0
56740,4,0,0
56746,7,0,0
56752,10,0,0
56758,7,0,0
56764,10,0,0
56770,10,0,0
56776,7,0,0
56782,11,0,0
56788,10,0,0
56794,9,0,0
56800,8,0,0
56806,10,0,0
56812,10,0,0
56818,13,0,0
56824,8,0,0
56830,12,0,0
56836,0,0,0
56842,0,0,0
56848,0,0,0
56854,59,0,0
56860,0,0,0
56866,0,0,0
56872,0,0,0
56878,7,0,0
56884,0,0,0
56940,1934,0,0
56946,55,0,0
56952,74,0,0
56958,53,0,0
56964,44,0,0
56970,35,0,0
56976,35,0,0
56982,29,0,0
56988,21,0,0
56994,1,0,0
57000,0,0,0
57006,0,0,0
57012,0,0,0
57018,32,0,0
57024,13,0,0
57030,9,0,0
57036,2,0,0
57042,9,0,0
57048,0,0,0
57054,15,0,0
57060,1,0,0
57066,12,0,0
57072,3,0,0
57128,1434,0,0
57134,59,0,0
57140,0,0,0
57146,27,0,0
57152,9,0,0
57158,5,0,0
57164,17,0,0
57170,7,0,0
57176,11,0,0
57182,11,0,0
57188,11,0,0
57194,12,0,0
57200,9,0,0
57206,11,0,0
57212,9,0,0
57218,13,0,0
57224,11,0,0
57230,16,0,0
57236,11,0,0
57242,11,0,0
57248,14,0,0
57254,11,0,0
57260,10,0,0
57266,12,0,0
57272,12,0,0
57278,11,0,0
57284,13,0,0
57290,11,0,0
57296,12,0,0
57302,457,0,0
57308,114,0,0
57314,25,0,0
57320,3,0,0
57326,13,0,0
57332,23,0,0
57338,293,0,0
57344,0,0,0
57350,71,0,0
57356,0,0,0
57362,0,0,0
57368,0,0,0
57374,0,0,0
57380,0,0,0
57386,0,0,0
57392,0,0,0
57398,0,0,0
57404,0,0,0
57410,0,0,0
57416,0,0,0
57422,12,0,0
57428,54,0,0
57434,96,0,0
57440,131,0,0
57446,137,0,0
57452,245,0,0
57458,217,0,0
57464,226,0,0
57470,119,0,0
57476,77,0,0
57482,20,0,0
57488,49,0,0
57494,0,0,0
57500,27,0,0
57506,16,0,0
57512,10,0,0
57518,19,0,0
57524,11,0,0
57530,12,0,0
57536,15,0,0
57542,13,0,0
57548,11,0,0
57554,12,0,0
57560,11,0,0
57566,12,0,0
57572,11,0,0
57578,12,0,0
57584,59,0,0
57590,461,0,0
57646,2390,0,0
57652,102,0,0
57658,211,0,0
57664,4,0,0
57670,0,0,0
57676,0,0,0
57682,475,0,0
57688,239,0,0
57694,0,0,0
57700,0,0,0
57706,0,0,0
57712,0,0,0
57718,0,0,0
57724,91,0,0
57730,0,0,0
57736,0,0,0
57742,62,0,0
57748,132,0,0
57754,159,0,0
57760,152,0,0
57766,273,0,0
57772,181,0,0
57778,203,0,0
57784,47,0,0
57790,75,0,0
57796,27,0,0
57802,24,0,0
57808,21,0,0
57814,11,0,0
57820,18,0,0
57826,12,0,0
57832,10,0,0
57838,11,0,0
57844,9,0,0
57850,13,0,0
57856,14,0,0
57862,10,0,0
57868,12,0,0
57874,10,0,0
57880,11,0,0
57886,9,0,0
57892,12,0,0
57898,9,0,0
57904,12,0,0
57910,90,0,0
57966,2310,0,0
57972,214,0,0
57978,100,0,0
57984,3,0,0
57990,71,0,0
57996,1,0,0
58002,17,0,0
58008,37,0,0
58014,0,0,0
58020,22,0,0
58026,14,0,0
58032,10,0,0
58038,15,0,0
58044,11,0,0
58050,14,0,0
58056,13,0,0
58062,13,0,0
58068,41,0,0
58074,0,0,0
58130,2444,0,0
58136,0,0,0
58142,0,0,0
58148,0,0,0
58154,42,0,0
58160,140,0,0
58166,189,0,0
58172,147,0,0
58178,75,0,0
58184,0,0,0
58190,96,0,0
58196,130,0,0
58202,30,0,0
58208,0,0,0
58214,80,0,0
58220,62,0,0
58226,0,0,0
58232,44,0,0
58238,0,0,0
58244,31,0,0
58250,18,0,0
58256,3,0,0
58262,28,0,0
58268,10,0,0
58274,15,0,0
58280,17,0,0
58286,12,0,0
58292,19,0,0
58298,16,0,0
58304,16,0,0
58310,17,0,0
58316,17,0,0
58322,0,0,0
58378,1053,0,0
58384,58,0,0
58390,75,0,0
58396,47,0,0
58402,109,0,0
58408,110,0,0
58414,222,0,0
58420,362,0,0
58426,290,0,0
58432,150,0,0
58438,22,0,0
58444,105,0,0
58450,61,0,0
58456,0,0,0
58462,60,0,0
58468,0,0,0
58474,9,0,0
58480,36,0,0
58486,0,0,0
58492,22,0,0
58498,16,0,0
58504,12,0,0
58510,21,0,0
58516,20,0,0
58522,13,0,0
58528,17,0,0
58534,14,0,0
58540,15,0,0
58546,10,0,0
58602,2686,0,0
58608,82,0,0
58614,22,0,0
58620,296,0,0
58626,148,0,0
58632,63,0,0
58638,12,0,0
58644,65,0,0
58650,1,0,0
58656,0,0,0
58662,89,0,0
58668,48,0,0
58674,138,0,0
58680,0,0,0
58686,0,0,0
58692,0,0,0
58698,0,0,0
58704,0,0,0
58710,0,0,0
58716,0,0,0
58722,0,0,0
58728,0,0,0
58734,13,0,0
58740,54,0,0
58746,112,0,0
58752,149,0,0
58758,190,0,0
58764,254,0,0
58770,316,0,0
58776,279,0,0
58832,941,0,0
58838,75,0,0
58844,47,0,0
58850,0,0,0
58856,10,0,0
58862,56,0,0
58868,0,0,0
58874,65,0,0
58880,1,0,0
58886,52,0,0
58892,0,0,0
58898,37,0,0
58904,7,0,0
58910,8,0,0
58916,20,0,0
58972,943,0,0
58978,110,0,0
58984,74,0,0
58990,128,0,0
58996,134,0,0
59002,71,0,0
59008,141,0,0
59014,51,0,0
59020,65,0,0
59026,23,0,0
59032,53,0,0
59038,0,0,0
59044,36,0,0
59050,9,0,0
59056,19,0,0
59062,17,0,0
59068,12,0,0
59074,17,0,0
59080,17,0,0
59086,15,0,0
59092,14,0,0
59098,17,0,0
59104,20,0,0
59110,16,0,0
59116,13,0,0
59122,16,0,0
59128,88,0,0
59184,3550,0,0
59190,193,0,0
59196,259,0,0
59202,105,0,0
59208,60,0,0
59214,111,0,0
59220,92,0,0
59226,101,0,0
59232,95,0,0
59238,73,0,0
59244,76,0,0
59250,61,0,0
59256,10,0,0
59262,28,0,0
59268,84,0,0
59274,98,0,0
59280,61,0,0
59286,31,0,0
59292,47,0,0
59298,49,0,0
59304,35,0,0
59310,29,0,0
59316,26,0,0
59322,19,0,0
59328,17,0,0
59334,10,0,0
59340,6,0,0
59346,1,0,0
59352,0,0,0
59358,0,0,0
59364,0,0,0
59370,0,0,0
59376,31,0,0
59382,62,0,0
59388,0,0,0
59394,142,0,0
59450,3489,0,0
59456,137,0,0
59462,120,0,0
59468,127,0,0
59474,108,0,0
59480,56,0,0
59486,57,0,0
59492,87,0,0
59498,115,0,0
59504,78,0,0
59510,42,0,0
59516,20,0,0
59522,1,0,0
59528,0,0,0
59534,57,0,0
59540,20,0,0
59546,0,0,0
59552,45,0,0
59558,0,0,0
59564,48,0,0
59570,0,0,0
59576,39,0,0
59582,2,0,0
59588,20,0,0
59594,17,0,0
59600,11,0,0
59606,22,0,0
59612,12,0,0
59618,15,0,0
59624,11,0,0
59630,15,0,0
59636,17,0,0
59692,4095,0,0
59698,114,0,0
59704,100,0,0
59710,82,0,0
59716,125,0,0
59722,250,0,0
59728,288,0,0
59734,200,0,0
59740,97,0,0
59746,60,0,0
59752,49,0,0
59758,55,0,0
59764,120,0,0
59770,0,0,0
59826,982,0,0
59832,27,0,0
59838,0,0,0
59844,0,0,0
59850,52,0,0
59856,84,0,0
59862,205,0,0
59868,46,0,0
59874,44,0,0
59880,54,0,0
59886,2,0,0
59892,0,0,0
59898,323,0,0
59954,3896,0,0
59960,57,0,0
59966,46,0,0
59972,36,0,0
59978,33,0,0
59984,28,0,0
59990,25,0,0
59996,26,0,0
60002,23,0,0
60008,24,0,0
60014,21,0,0
60020,22,0,0
60026,21,0,0
60032,21,0,0
60038,20,0,0
60044,22,0,0
60050,17,0,0
60056,19,0,0
60062,21,0,0
60068,19,0,0
60074,17,0,0
60080,21,0,0
60086,20,0,0
60092,19,0,0
60098,19,0,0
60104,19,0,0
60110,18,0,0
60116,21,0,0
60122,18,0,0
60128,16,0,0
60134,18,0,0
60140,18,0,0
60146,19,0,0
60152,17,0,0
60158,18,0,0
60164,17,0,0
60170,21,0,0
60176,18,0,0
60182,18,0,0
60188,18,0,0
60194,16,0,0
60200,18,0,0
60256,1954,0,0
60262,28,0,0
60268,16,0,0
60274,8,0,0
60280,2,0,0
60286,0,0,0
60292,2,0,0
60298,21,0,0
60304,42,0,0
60310,61,0,0
60316,75,0,0
60322,55,0,0
60328,53,0,0
60334,26,0,0
60340,0,0,0
60346,4,0,0
60352,59,0,0
60358,25,0,0
60364,0,0,0
60370,55,0,0
60376,0,0,0
60382,41,0,0
60388,12,0,0
60394,16,0,0
60400,25,0,0
60406,6,0,0
60412,27,0,0
60418,8,0,0
60424,22,0,0
60430,11,0,0
60436,24,0,0
60442,31,0,0
60498,4095,0,0
60504,107,0,0
60510,90,0,0
60516,162,0,0
60522,52,0,0
60528,75,0,0
60534,6,0,0
60540,42,0,0
60546,11,0,0
60552,19,0,0
60558,20,0,0
60564,16,0,0
60570,16,0,0
60576,15,0,0
60582,18,0,0
60588,16,0,0
60594,20,0,0
60600,20,0,0
60606,18,0,0
60612,17,0,0
60618,21,0,0
60624,20,0,0
60630,21,0,0
60636,18,0,0
60642,21,0,0
60648,20,0,0
60654,18,0,0
60660,126,0,0
60666,231,0,0
60722,4055,0,0
60728,94,0,0
60734,45,0,0
60740,0,0,0
60746,237,0,0
60752,197,0,0
60758,50,0,0
60764,47,0,0
60770,61,0,0
60776,18,0,0
60782,11,0,0
60788,14,0,0
60794,15,0,0
60800,7,0,0
60806,13,0,0
60812,7,0,0
60818,10,0,0
60824,0,0,0
60830,1,0,0
60886,812,0,0
60892,53,0,0
60898,35,0,0
60904,15,0,0
60910,24,0,0
60916,13,0,0
60922,10,0,0
60928,15,0,0
60934,18,0,0
60940,13,0,0
60946,17,0,0
60952,12,0,0
60958,215,0,0
61014,1681,0,0
61020,8,0,0
61026,0,0,0
61032,23,0,0
61038,39,0,0
61094,1734,0,0
61100,62,0,0
61106,23,0,0
61112,16,0,0
61118,9,0,0
61124,0,0,0
61130,6,0,0
61136,1,0,0
61142,1,0,0
61148,4,0,0
61154,3,0,0
61160,0,0,0
61166,5,0,0
61172,4,0,0
61178,6,0,0
61184,7,0,0
61190,6,0,0
61196,7,0,0
61202,7,0,0
61208,8,0,0
61214,7,0,0
61220,8,0,0
61226,8,0,0
61232,12,0,0
61238,9,0,0
61244,6,0,0
61250,11,0,0
61256,13,0,0
61262,11,0,0
61268,14,0,0
61324,4087,0,0
61330,151,0,0
61336,174,0,0
61342,210,0,0
61348,188,0,0
61354,122,0,0
61360,60,0,0
61366,42,0,0
61372,28,0,0
61378,19,0,0
61384,19,0,0
61390,15,0,0
61396,15,0,0
61402,13,0,0
61408,12,0,0
61414,16,0,0
61420,13,0,0
61426,16,0,0
61432,16,0,0
61438,15,0,0
61444,15,0,0
61450,15,0,0
61456,16,0,0
61462,17,0,0
61468,21,0,0
61474,13,0,0
61480,19,0,0
61486,17,0,0
61492,16,0,0
61498,17,0,0
61504,17,0,0
61510,0,0,0
61566,2702,0,0
61572,160,0,0
61578,60,0,0
61584,17,0,0
61590,18,0,0
61596,58,0,0
61602,44,0,0
61608,0,0,0
61614,0,0,0
61670,4095,0,0
61676,138,0,0
61682,132,0,0
61688,147,0,0
61694,82,0,0
61700,70,0,0
61706,31,0,0
61712,31,0,0
61718,20,0,0
61724,14,0,0
61730,12,0,0
61736,13,0,0
61742,14,0,0
61748,17,0,0
61754,14,0,0
61760,14,0,0
61766,5,0,0
61822,1356,0,0
61828,29,0,0
61834,26,0,0
61840,32,0,0
61846,11,0,0
61852,0,0,0
61858,0,0,0
61864,5,0,0
61870,63,0,0
61876,20,0,0
61882,0,0,0
61888,45,0,0
61894,0,0,0
61950,1102,0,0
61956,208,0,0
61962,145,0,0
61968,95,0,0
61974,142,0,0
61980,63,0,0
61986,0,0,0
61992,74,0,0
61998,34,0,0
62004,24,0,0
62010,40,0,0
62016,15,0,0
62022,0,0,0
62028,31,0,0
62034,0,0,0
62040,46,0,0
62046,115,0,0
62052,241,0,0
62108,2057,0,0
62114,3,0,0
62120,0,0,0
62126,1,0,0
62132,38,0,0
62138,24,0,0
62144,33,0,0
62150,0,0,0
62156,64,0,0
62212,958,0,0
62218,1,0,0
62224,1,0,0
62230,4,0,0
62236,4,0,0
62242,7,0,0
62248,10,0,0
62254,10,0,0
62260,10,0,0
62266,11,0,0
62272,8,0,0
62278,10,0,0
62284,11,0,0
62290,10,0,0
62296,12,0,0
62302,10,0,0
62308,12,0,0
62314,12,0,0
62320,10,0,0
62326,12,0,0
62332,15,0,0
62338,12,0,0
62344,15,0,0
62350,15,0,0
62356,11,0,0
62362,13,0,0
62368,14,0,0
62374,12,0,0
62380,15,0,0
62386,0,0,0
62442,2138,0,0
62448,0,0,0
62454,0,0,0
62460,38,0,0
62466,26,0,0
62472,6,0,0
62478,0,0,0
62484,0,0,0
62490,131,0,0
62496,161,0,0
62502,72,0,0
62508,62,0,0
62514,53,0,0
62520,38,0,0
62526,0,0,0
62532,33,0,0
62538,1,0,0
62544,18,0,0
62550,10,0,0
62556,0,0,0
62612,4095,0,0
62618,86,0,0
62624,116,0,0
62630,136,0,0
62636,139,0,0
62642,155,0,0
62648,160,0,0
62654,169,0,0
62660,166,0,0
62666,179,0,0
62672,195,0,0
62678,105,0,0
62684,0,0,0
62690,93,0,0
62696,50,0,0
62702,0,0,0
62708,48,0,0
62714,4,0,0
62720,12,0,0
62726,28,0,0
62732,3,0,0
62738,22,0,0
62744,12,0,0
62750,12,0,0
62756,15,0,0
62762,12,0,0
62768,13,0,0
62774,15,0,0
62780,15,0,0
62786,13,0,0
62792,14,0,0
62798,14,0,0
62804,10,0,0
62810,81,0,0
62866,2482,0,0
62872,165,0,0
62878,136,0,0
62884,48,0,0
62890,50,0,0
62896,51,0,0
62902,0,0,0
62908,35,0,0
62914,0,0,0
62970,3052,0,0
62976,0,0,0
62982,44,0,0
62988,2,0,0
62994,26,0,0
63000,9,0,0
63006,19,0,0
63012,14,0,0
63018,15,0,0
63024,11,0,0
63030,18,0,0
63036,16,0,0
63042,15,0,0
63048,19,0,0
63054,17,0,0
63060,15,0,0
63066,16,0,0
63072,13,0,0
63078,15,0,0
63084,19,0,0
63090,15,0,0
63096,16,0,0
63102,17,0,0
63108,17,0,0
63114,18,0,0
63120,16,0,0
63126,17,0,0
63132,17,0,0
63138,16,0,0
63144,15,0,0
63150,107,0,0
63156,29,0,0
63212,4095,0,0
63218,158,0,0
63224,263,0,0
63230,213,0,0
63236,144,0,0
63242,143,0,0
63248,107,0,0
63254,49,0,0
63260,2,0,0
63266,143,0,0
63272,82,0,0
63278,42,0,0
63284,131,0,0
63290,99,0,0
63296,62,0,0
63352,1909,0,0
63358,32,0,0
63364,101,0,0
63370,0,0,0
63376,53,0,0
63382,16,0,0
63388,19,0,0
63394,27,0,0
63400,15,0,0
63406,19,0,0
63412,19,0,0
63418,15,0,0
63424,19,0,0
63430,18,0,0
63436,18,0,0
63442,19,0,0
63448,19,0,0
63454,18,0,0
63460,19,0,0
63466,17,0,0
63472,16,0,0
63478,18,0,0
63484,19,0,0
63490,16,0,0
63496,19,0,0
63502,16,0,0
63508,17,0,0
63514,17,0,0
63520,16,0,0
63526,17,0,0
63582,594,0,0
63588,6,0,0
63594,13,0,0
63600,16,0,0
63606,301,0,0
63662,1130,0,0
63668,0,0,0
63674,0,0,0
63680,74,0,0
63686,45,0,0
63692,0,0,0
63698,61,0,0
63704,42,0,0
63710,0,0,0
63716,48,0,0
63722,0,0,0
63728,35,0,0
63734,0,0,0
63740,26,0,0
63746,2,0,0
63752,23,0,0
63758,0,0,0
63814,1151,0,0
63820,53,0,0
63826,0,0,0
63832,75,0,0
63838,151,0,0
63844,172,0,0
63900,1289,0,0
63906,26,0,0
63912,30,0,0
63918,33,0,0
63924,28,0,0
63930,28,0,0
63936,30,0,0
63942,100,0,0
63948,165,0,0
63954,138,0,0
63960,97,0,0
63966,0,0,0
63972,0,0,0
63978,0,0,0
63984,0,0,0
63990,0,0,0
63996,45,0,0
64002,107,0,0
64008,37,0,0
64064,3139,0,0
64070,167,0,0
64076,0,0,0
64082,93,0,0
64088,19,0,0
64094,69,0,0
64100,2,0,0
64106,48,0,0
64112,0,0,0
64118,25,0,0
64124,17,0,0
64130,10,0,0
64136,20,0,0
64142,22,0,0
64148,17,0,0
64154,18,0,0
64160,14,0,0
64166,21,0,0
64172,17,0,0
64178,19,0,0
64184,21,0,0
64190,15,0,0
64196,17,0,0
64202,15,0,0
64208,13,0,0
64214,16,0,0
64220,15,0,0
64226,17,0,0
64232,16,0,0
64238,17,0,0
64244,15,0,0
64250,14,0,0
64256,117,0,0
64262,169,0,0
64318,1438,0,0
64324,7,0,0
64380,3824,0,0
64386,130,0,0
64392,119,0,0
64398,142,0,0
64404,160,0,0
64410,54,0,0
64416,52,0,0
64422,0,0,0
64428,20,0,0
64434,2,0,0
64440,3,0,0
64446,7,0,0
64452,3,0,0
64458,5,0,0
64464,4,0,0
64470,5,0,0
64476,5,0,0
64482,7,0,0
64488,6,0,0
64494,3,0,0
64500,7,0,0
64506,8,0,0
64512,7,0,0
64518,10,0,0
64524,8,0,0
64530,11,0,0
64536,7,0,0
64542,10,0,0
64548,9,0,0
64554,11,0,0
64560,2,0,0
64566,0,0,0
64622,3496,0,0
64628,68,0,0
64634,29,0,0
64640,2,0,0
64646,65,0,0
64652,44,0,0
64658,0,0,0
64664,50,0,0
64670,0,0,0
64676,46,0,0
64682,0,0,0
64688,31,0,0
64694,1,0,0
64700,19,0,0
64706,11,0,0
64712,11,0,0
64718,16,0,0
64724,10,0,0
64730,16,0,0
64736,14,0,0
64742,14,0,0
64748,15,0,0
64754,15,0,0
64760,0,0,0
64816,1816,0,0
64822,55,0,0
64828,78,0,0
64834,80,0,0
64840,103,0,0
64846,140,0,0
64852,154,0,0
64858,147,0,0
64864,134,0,0
64870,210,0,0
64876,171,0,0
64882,227,0,0
64888,329,0,0
64894,279,0,0
64900,243,0,0
64906,135,0,0
64912,0,0,0
64918,89,0,0
64924,55,0,0
64930,11,0,0
64936,50,0,0
64942,30,0,0
64948,0,0,0
64954,37,0,0
64960,7,0,0
64966,20,0,0
64972,21,0,0
64978,15,0,0
64984,17,0,0
64990,18,0,0
64996,49,0,0
65052,1216,0,0
65058,28,0,0
65064,0,0,0
65070,26,0,0
65126,3544,0,0
65132,89,0,0
65138,41,0,0
65144,84,0,0
65150,117,0,0
65156,152,0,0
65162,173,0,0
65168,200,0,0
65174,165,0,0
65180,83,0,0
65186,128,0,0
65192,95,0,0
65198,0,0,0
65204,0,0,0
65210,79,0,0
65216,38,0,0
65222,0,0,0
65228,57,0,0
65234,0,0,0
65240,60,0,0
65246,0,0,0
65252,48,0,0
65258,0,0,0
65264,25,0,0
65270,18,0,0
65276,11,0,0
65282,339,0,0
65338,1662,0,0
65344,108,0,0
65350,52,0,0
65356,0,0,0
65362,333,0,0
65368,498,0,0
65424,4073,0,0
65430,139,0,0
65436,34,0,0
65442,53,0,0
65448,30,0,0
65454,21,0,0
65460,24,0,0
65466,16,0,0
65472,18,0,0
65478,18,0,0
65484,16,0,0
65490,19,0,0
65496,18,0,0
65502,17,0,0
65508,19,0,0
65514,18,0,0
65520,17,0,0
65526,18,0,0
65532,16,0,0
65538,17,0,0
65544,17,0,0
65550,20,0,0
65556,27,0,0
65562,77,0,0
65618,2080,0,0
65624,45,0,0
65630,38,0,0
65636,8,0,0
65642,64,0,0
65648,0,0,0
65654,67,0,0
65660,0,0,0
65666,45,0,0
65672,7,0,0
65728,3381,0,0
65734,43,0,0
65740,32,0,0
65746,32,0,0
65752,22,0,0
65758,24,0,0
65764,22,0,0
65770,24,0,0
65776,21,0,0
65782,20,0,0
65788,21,0,0
65794,23,0,0
65800,23,0,0
65806,21,0,0
65812,21,0,0
65818,19,0,0
65824,21,0,0
65830,21,0,0
65836,20,0,0
65842,20,0,0
65848,21,0,0
65854,20,0,0
65860,23,0,0
65916,514,0,0
65922,6,0,0
65928,9,0,0
65934,4,0,0
65940,0,0,0
65946,0,0,0
65952,0,0,0
65958,0,0,0
65964,0,0,0
65970,0,0,0
65976,0,0,0
65982,0,0,0
65988,0,0,0
65994,0,0,0
66000,0,0,0
66006,69,0,0
66012,44,0,0
66018,0,0,0
66074,1613,0,0
66080,0,0,0
66086,0,0,0
66092,0,0,0
66098,0,0,0
66104,35,0,0
66110,110,0,0
66116,201,0,0
66122,116,0,0
66128,54,0,0
66134,58,0,0
66140,177,0,0
66146,131,0,0
66152,25,0,0
66158,97,0,0
66164,61,0,0
66170,0,0,0
66176,101,0,0
66182,58,0,0
66188,0,0,0
66194,76,0,0
66200,0,0,0
66206,66,0,0
66212,0,0,0
66218,32,0,0
66224,17,0,0
66230,10,0,0
66236,32,0,0
66242,15,0,0
66248,20,0,0
66253,23,0,0
66259,19,0,0
66265,88,0,0
66271,68,0,0
66277,37,0,0
66283,281,0,0
66289,363,0,0
66295,328,0,0
66301,155,0,0
66307,101,0,0
66313,72,0,0
66319,42,0,0
66325,468,0,0
66381,602,0,0
66387,105,0,0
66393,114,0,0
66399,105,0,0
66405,114,0,0
66411,127,0,0
66417,92,0,0
66423,117,0,0
66429,142,0,0
66435,119,0,0
66441,70,0,0
66447,110,0,0
66453,38,0,0
66459,61,0,0
66465,7,0,0
66471,40,0,0
66477,0,0,0
66483,23,0,0
66489,17,0,0
66495,12,0,0
66501,18,0,0
66507,11,0,0
66513,13,0,0
66519,16,0,0
66525,13,0,0
66531,16,0,0
66537,16,0,0
66543,15,0,0
66549,15,0,0
66555,15,0,0
66561,16,0,0
66567,318,0,0
66573,0,0,0
66629,1195,0,0
66635,0,0,0
66641,0,0,0
66647,14,0,0
66653,0,0,0
66659,34,0,0
66665,64,0,0
66721,3328,0,0
66727,216,0,0
66733,166,0,0
66739,199,0,0
66745,119,0,0
66751,10,0,0
66757,83,0,0
66763,57,0,0
66769,0,0,0
66775,50,0,0
66781,32,0,0
66787,48,0,0
66793,7,0,0
66799,37,0,0
66805,10,0,0
66811,19,0,0
66817,21,0,0
66823,16,0,0
66829,19,0,0
66835,24,0,0
66841,20,0,0
66847,18,0,0
66853,19,0,0
66859,14,0,0
66865,23,0,0
66871,19,0,0
66877,18,0,0
66883,16,0,0
66889,18,0,0
66895,17,0,0
66901,17,0,0
66907,15,0,0
66913,17,0,0
66919,20,0,0
66925,18,0,0
66931,18,0,0
66937,17,0,0
66943,17,0,0
66949,18,0,0
66955,16,0,0
66961,17,0,0
66967,18,0,0
67023,870,0,0
67029,94,0,0
67035,66,0,0
67041,135,0,0
67047,83,0,0
67053,43,0,0
67059,45,0,0
67065,19,0,0
67071,21,0,0
67077,19,0,0
67083,15,0,0
67089,17,0,0
67095,16,0,0
67101,14,0,0
67107,15,0,0
67113,18,0,0
67119,17,0,0
67125,14,0,0
67131,15,0,0
67137,16,0,0
67143,195,0,0
67199,612,0,0
67205,167,0,0
67211,152,0,0
67217,0,0,0
67223,494,0,0
67279,520,0,0
67285,4,0,0
67291,5,0,0
67297,9,0,0
67303,12,0,0
67309,10,0,0
67315,11,0,0
67321,13,0,0
67327,12,0,0
67333,13,0,0
67339,13,0,0
67345,11,0,0
67351,14,0,0
67357,10,0,0
67363,13,0,0
67369,13,0,0
67375,13,0,0
67381,13,0,0
67387,209,0,0
67393,281,0,0
67449,1853,0,0
67455,0,0,0
67461,153,0,0
67467,54,0,0
67473,82,0,0
67479,2,0,0
67485,30,0,0
67491,6,0,0
67497,16,0,0
67503,2,0,0
67509,31,0,0
67515,11,0,0
67521,14,0,0
67527,11,0,0
67533,10,0,0
67539,14,0,0
67545,12,0,0
67551,12,0,0
67557,13,0,0
67563,13,0,0
67569,15,0,0
67575,16,0,0
67581,12,0,0
67637,4095,0,0
67643,109,0,0
67649,94,0,0
67655,154,0,0
67661,175,0,0
67667,209,0,0
67673,152,0,0
67679,193,0,0
67685,117,0,0
67691,0,0,0
67697,20,0,0
67703,64,0,0
67709,0,0,0
67715,65,0,0
67721,115,0,0
67727,397,0,0
67783,567,0,0
67789,9,0,0
67795,11,0,0
67801,11,0,0
67807,12,0,0
67813,13,0,0
67819,15,0,0
67825,21,0,0
67831,29,0,0
67837,39,0,0
67843,51,0,0
67849,66,0,0
67855,48,0,0
67861,0,0,0
67917,1209,0,0
67923,9,0,0
67929,8,0,0
67935,0,0,0
67941,0,0,0
67947,0,0,0
67953,0,0,0
67959,29,0,0
67965,119,0,0
67971,244,0,0
67977,339,0,0
67983,453,0,0
67989,335,0,0
67995,160,0,0
68001,180,0,0
68007,85,0,0
68013,0,0,0
68019,72,0,0
68025,34,0,0
68031,63,0,0
68037,37,0,0
68043,6,0,0
68049,26,0,0
68055,33,0,0
68061,0,0,0
68067,18,0,0
68073,18,0,0
68079,10,0,0
68085,14,0,0
68091,17,0,0
68097,14,0,0
68103,15,0,0
68109,14,0,0
68115,17,0,0
68121,14,0,0
68127,16,0,0
68133,13,0,0
68139,167,0,0
68145,279,0,0
68151,277,0,0
68157,327,0,0
68163,339,0,0
68169,0,0,0
68175,98,0,0
68181,21,0,0
68187,54,0,0
68193,89,0,0
68199,80,0,0
68205,97,0,0
68211,107,0,0
68217,136,0,0
68223,174,0,0
68229,142,0,0
68235,111,0,0
68241,91,0,0
68247,7,0,0
68253,60,0,0
68259,21,0,0
68265,0,0,0
68321,829,0,0
68327,88,0,0
68333,44,0,0
68339,77,0,0
68345,75,0,0
68351,124,0,0
68357,150,0,0
68363,126,0,0
68369,105,0,0
68375,118,0,0
68381,45,0,0
68387,31,0,0
68393,27,0,0
68399,11,0,0
68405,14,0,0
68411,14,0,0
68417,14,0,0
68423,15,0,0
68429,14,0,0
68435,12,0,0
68441,12,0,0
68447,13,0,0
68453,13,0,0
68459,12,0,0
68465,155,0,0
68471,30,0,0
68527,3663,0,0
68533,54,0,0
68539,118,0,0
68545,31,0,0
68601,3048,0,0
68607,253,0,0
68613,230,0,0
68619,193,0,0
68625,219,0,0
68631,117,0,0
68637,69,0,0
68643,36,0,0
68649,44,0,0
68655,15,0,0
68661,25,0,0
68667,19,0,0
68673,16,0,0
68679,18,0,0
68685,16,0,0
68691,13,0,0
68697,21,0,0
68703,60,0,0
68759,2238,0,0
68765,115,0,0
68771,139,0,0
68777,279,0,0
68833,624,0,0
68839,32,0,0
68845,61,0,0
68851,11,0,0
68857,34,0,0
68863,73,0,0
68869,109,0,0
68875,168,0,0
68881,182,0,0
68887,219,0,0
68893,174,0,0
68899,217,0,0
68905,187,0,0
68911,151,0,0
68917,84,0,0
68923,0,0,0
68929,73,0,0
68935,40,0,0
68941,0,0,0
68947,38,0,0
68953,0,0,0
68959,33,0,0
68965,9,0,0
68971,42,0,0
68977,1,0,0
68983,26,0,0
68989,17,0,0
68995,11,0,0
69001,17,0,0
69007,17,0,0
69013,17,0,0
69019,122,0,0
69025,28,0,0
69081,3581,0,0
69087,0,0,0
69093,0,0,0
69149,2580,0,0
69155,37,0,0
69161,82,0,0
69167,49,0,0
69173,129,0,0
69179,32,0,0
69185,56,0,0
69191,112,0,0
69197,211,0,0
69203,223,0,0
69209,239,0,0
69215,124,0,0
69221,55,0,0
69227,65,0,0
69233,2,0,0
69239,36,0,0
69245,7,0,0
69251,8,0,0
69257,19,0,0
69263,9,0,0
69269,11,0,0
69275,12,0,0
69281,12,0,0
69287,13,0,0
69293,15,0,0
69299,13,0,0
69305,13,0,0
69311,14,0,0
69317,15,0,0
69323,16,0,0
69329,12,0,0
69335,16,0,0
69341,14,0,0
69347,64,0,0
69353,34,0,0
69359,21,0,0
69365,22,0,0
69371,19,0,0
69377,22,0,0
69383,17,0,0
69389,1,0,0
69395,0,0,0
69401,0,0,0
69407,42,0,0
69413,26,0,0
69419,0,0,0
69425,39,0,0
69431,21,0,0
69437,1,0,0
69443,28,0,0
69449,0,0,0
69455,27,0,0
69461,16,0,0
69467,8,0,0
69473,22,0,0
69479,10,0,0
69485,14,0,0
69491,17,0,0
69497,16,0,0
69503,14,0,0
69509,16,0,0
69515,16,0,0
69521,13,0,0
69527,15,0,0
69533,16,0,0
69539,16,0,0
69545,14,0,0
69551,17,0,0
69557,16,0,0
69563,17,0,0
69569,19,0,0
69575,16,0,0
69581,18,0,0
69587,55,0,0
69643,2911,0,0
69649,45,0,0
69655,0,0,0
69661,0,0,0
69667,0,0,0
69673,12,0,0
69679,2,0,0
69685,0,0,0
69691,0,0,0
69697,32,0,0
69703,64,0,0
69709,27,0,0
69715,16,0,0
69721,44,0,0
69727,37,0,0
69733,22,0,0
69739,0,0,0
69795,3330,0,0
69801,142,0,0
69807,178,0,0
69813,229,0,0
69819,257,0,0
69825,269,0,0
69831,206,0,0
69837,143,0,0
69843,64,0,0
69849,53,0,0
69855,39,0,0
69861,28,0,0
69867,27,0,0
69873,24,0,0
69879,23,0,0
69885,23,0,0
69891,21,0,0
69897,21,0,0
69903,23,0,0
69909,21,0,0
69915,21,0,0
69921,22,0,0
69927,23,0,0
69933,23,0,0
69939,24,0,0
69945,18,0,0
69951,27,0,0
69957,22,0,0
69963,20,0,0
69969,23,0,0
70025,800,0,0
70031,68,0,0
70037,61,0,0
70043,60,0,0
70049,60,0,0
70055,44,0,0
70061,64,0,0
70067,85,0,0
70073,69,0,0
70079,25,0,0
70085,0,0,0
70091,71,0,0
70097,63,0,0
70103,23,0,0
70109,134,0,0
70165,3682,0,0
70171,0,0,0
70177,0,0,0
70183,24,0,0
70189,34,0,0
70195,60,0,0
70201,95,0,0
70207,157,0,0
70213,219,0,0
70219,376,0,0
70225,457,0,0
70231,386,0,0
70237,305,0,0
70243,176,0,0
70249,0,0,0
70255,106,0,0
70261,65,0,0
70267,0,0,0
70273,59,0,0
70279,0,0,0
70285,40,0,0
70291,27,0,0
70297,7,0,0
70303,27,0,0
70309,20,0,0
70315,17,0,0
70321,19,0,0
70327,19,0,0
70333,18,0,0
70339,18,0,0
70345,19,0,0
70351,19,0,0
70357,19,0,0
70363,19,0,0
70369,20,0,0
70375,20,0,0
70381,19,0,0
70387,19,0,0
70393,20,0,0
70399,20,0,0
70405,21,0,0
70411,18,0,0
70417,19,0,0
70423,19,0,0
70429,124,0,0
70435,308,0,0
70441,316,0,0
70447,0,0,0
70503,586,0,0
70509,0,0,0
70515,0,0,0
70521,11,0,0
70527,10,0,0
70533,8,0,0
70539,45,0,0
70545,31,0,0
70551,30,0,0
70557,46,0,0
70563,3,0,0
70569,0,0,0
70575,19,0,0
70581,40,0,0
70587,23,0,0
70593,4,0,0
70599,0,0,0
70605,13,0,0
70611,15,0,0
70617,16,0,0
70623,13,0,0
70629,7,0,0
70635,11,0,0
70641,14,0,0
70647,7,0,0
70653,22,0,0
70659,14,0,0
70665,13,0,0
70671,15,0,0
70677,12,0,0
70683,16,0,0
70689,13,0,0
70745,3100,0,0
70751,199,0,0
70757,284,0,0
70763,346,0,0
70769,401,0,0
70775,336,0,0
70781,179,0,0
70787,62,0,0
70793,64,0,0
70799,48,0,0
70805,28,0,0
70811,28,0,0
70817,23,0,0
70823,19,0,0
70829,18,0,0
70835,16,0,0
70841,15,0,0
70847,17,0,0
70853,17,0,0
70859,14,0,0
70865,19,0,0
70871,18,0,0
70877,16,0,0
70883,19,0,0
70889,20,0,0
70895,17,0,0
70951,609,0,0
70957,30,0,0
70963,26,0,0
70969,41,0,0
70975,49,0,0
70981,65,0,0
70987,66,0,0
70993,48,0,0
70999,14,0,0
71005,78,0,0
71061,742,0,0
71067,32,0,0
71073,64,0,0
71079,95,0,0
71085,141,0,0
71091,143,0,0
71097,180,0,0
71103,236,0,0
71109,265,0,0
71115,219,0,0
71121,135,0,0
71127,129,0,0
71133,43,0,0
71139,56,0,0
71145,26,0,0
71151,25,0,0
71157,26,0,0
71163,16,0,0
71169,19,0,0
71175,16,0,0
71181,16,0,0
71187,13,0,0
71193,15,0,0
71199,16,0,0
71205,16,0,0
71211,18,0,0
71217,16,0,0
71223,15,0,0
71229,15,0,0
71235,16,0,0
71241,19,0,0
71247,17,0,0
71253,17,0,0
71259,15,0,0
71265,17,0,0
71271,17,0,0
71277,17,0,0
71283,17,0,0
71289,16,0,0
71295,17,0,0
71301,20,0,0
71307,17,0,0
71313,20,0,0
71319,18,0,0
71325,14,0,0
71331,17,0,0
71337,13,0,0
71343,16,0,0
71349,15,0,0
71355,408,0,0
71361,88,0,0
71367,431,0,0
71373,453,0,0
71379,231,0,0
71385,107,0,0
71391,90,0,0
71397,103,0,0
71403,101,0,0
71409,93,0,0
71415,95,0,0
71421,93,0,0
71427,100,0,0
71433,100,0,0
71439,90,0,0
71445,73,0,0
71451,23,0,0
71457,0,0,0
71463,0,0,0
71469,25,0,0
71475,26,0,0
71481,15,0,0
71487,0,0,0
71493,0,0,0
71499,32,0,0
71505,73,0,0
71511,9,0,0
71517,23,0,0
71523,7,0,0
71529,17,0,0
71535,12,0,0
71541,12,0,0
71547,28,0,0
71553,21,0,0
71559,16,0,0
71565,7,0,0
71571,16,0,0
71577,16,0,0
71583,15,0,0
71589,17,0,0
71595,17,0,0
71651,1186,0,0
71657,171,0,0
71663,163,0,0
71669,217,0,0
71675,240,0,0
71681,217,0,0
71687,261,0,0
71693,204,0,0
71699,164,0,0
71705,83,0,0
71711,66,0,0
71717,40,0,0
71723,30,0,0
71729,25,0,0
71735,23,0,0
71741,21,0,0
71747,24,0,0
71753,21,0,0
71759,20,0,0
71765,23,0,0
71771,20,0,0
71777,21,0,0
71783,23,0,0
71789,21,0,0
71795,19,0,0
71801,20,0,0
71807,23,0,0
71813,14,0,0
71869,1900,0,0
71875,0,0,0
71881,0,0,0
71887,153,0,0
71893,131,0,0
71899,10,0,0
71905,28,0,0
71911,48,0,0
71917,21,0,0
71923,12,0,0
71929,21,0,0
71985,3523,0,0
71991,0,0,0
71997,0,0,0
72003,25,0,0
72009,80,0,0
72015,173,0,0
72021,271,0,0
72027,367,0,0
72033,460,0,0
72089,540,0,0
72095,19,0,0
72101,18,0,0
72107,21,0,0
72113,22,0,0
72119,23,0,0
72125,21,0,0
72131,22,0,0
72137,21,0,0
72143,23,0,0
72149,21,0,0
72155,22,0,0
72161,19,0,0
72167,22,0,0
72173,22,0,0
72179,20,0,0
72185,23,0,0
72191,19,0,0
72197,20,0,0
72203,21,0,0
72209,19,0,0
72215,23,0,0
72221,21,0,0
72227,22,0,0
72233,22,0,0
72239,21,0,0
72245,20,0,0
72251,23,0,0
72257,20,0,0
72263,21,0,0
72269,128,0,0
72275,217,0,0
72281,0,0,0
72337,745,0,0
72343,9,0,0
72349,10,0,0
72355,9,0,0
72361,41,0,0
72367,100,0,0
72373,134,0,0
72379,156,0,0
72385,186,0,0
72391,149,0,0
72397,6,0,0
72403,20,0,0
72409,0,0,0
72415,0,0,0
72421,9,0,0
72427,30,0,0
72433,9,0,0
72439,18,0,0
72445,16,0,0
72451,16,0,0
72457,22,0,0
72463,15,0,0
72469,10,0,0
72475,13,0,0
72481,17,0,0
72487,17,0,0
72493,15,0,0
72499,15,0,0
72505,18,0,0
72511,16,0,0
72517,14,0,0
72523,0,0,0
72579,3489,0,0
72585,0,0,0
72591,0,0,0
72597,38,0,0
72603,133,0,0
72609,113,0,0
72615,246,0,0
72621,226,0,0
72627,181,0,0
72633,63,0,0
72639,68,0,0
72645,23,0,0
72651,23,0,0
72657,26,0,0
72663,18,0,0
72669,20,0,0
72675,19,0,0
72681,17,0,0
72687,20,0,0
72693,19,0,0
72699,18,0,0
72705,19,0,0
72711,19,0,0
72717,22,0,0
72723,19,0,0
72729,20,0,0
72735,22,0,0
72741,21,0,0
72747,21,0,0
72753,21,0,0
72759,20,0,0
72765,22,0,0
72771,21,0,0
72777,80,0,0
72833,808,0,0
72839,111,0,0
72845,145,0,0
72851,121,0,0
72857,64,0,0
72863,5,0,0
72869,34,0,0
72875,28,0,0
72881,0,0,0
72887,0,0,0
72893,36,0,0
72899,4,0,0
72955,3531,0,0
72961,177,0,0
72967,220,0,0
72973,255,0,0
72979,318,0,0
72985,480,0,0
72991,310,0,0
72997,272,0,0
73003,196,0,0
73009,113,0,0
73015,47,0,0
73021,60,0,0
73027,22,0,0
73033,28,0,0
73039,24,0,0
73045,19,0,0
73051,22,0,0
73057,19,0,0
73063,17,0,0
73069,18,0,0
73075,15,0,0
73081,19,0,0
73087,18,0,0
73093,19,0,0
73099,18,0,0
73105,18,0,0
73111,18,0,0
73117,22,0,0
73123,19,0,0
73129,23,0,0
73135,20,0,0
73141,18,0,0
73147,18,0,0
73153,20,0,0
73159,19,0,0
73165,23,0,0
73171,22,0,0
73177,19,0,0
73183,21,0,0
73189,13,0,0
73195,20,0,0
73201,18,0,0
73207,20,0,0
73213,18,0,0
73219,20,0,0
73225,20,0,0
73231,20,0,0
73237,16,0,0
73243,19,0,0
73249,17,0,0
73255,19,0,0
73261,20,0,0
73267,54,0,0
73323,681,0,0
73329,24,0,0
73335,103,0,0
73341,74,0,0
73347,107,0,0
73353,51,0,0
73359,4,0,0
73365,34,0,0
73371,28,0,0
73377,0,0,0
73383,0,0,0
73389,1,0,0
73395,33,0,0
73401,20,0,0
73407,2,0,0
73413,15,0,0
73419,12,0,0
73425,11,0,0
73431,13,0,0
73437,13,0,0
73443,9,0,0
73449,12,0,0
73455,14,0,0
73461,14,0,0
73467,15,0,0
73473,13,0,0
73479,15,0,0
73485,14,0,0
73491,39,0,0
73497,60,0,0
73503,193,0,0
73509,0,0,0
73515,368,0,0
73521,0,0,0
73527,141,0,0
73583,1508,0,0
73589,0,0,0
73595,0,0,0
73601,0,0,0
73607,61,0,0
73613,56,0,0
73619,14,0,0
73625,5,0,0
73631,5,0,0
73637,0,0,0
73643,1,0,0
73649,7,0,0
73655,6,0,0
73661,10,0,0
73667,0,0,0
73673,14,0,0
73679,14,0,0
73685,5,0,0
73691,4,0,0
73697,12,0,0
73703,9,0,0
73709,7,0,0
73715,12,0,0
73721,9,0,0
73727,10,0,0
73733,11,0,0
73739,11,0,0
73745,12,0,0
73751,12,0,0
73757,14,0,0
73763,15,0,0
73769,17,0,0
73775,13,0,0
73781,14,0,0
73787,14,0,0
73793,12,0,0
73799,15,0,0
73805,14,0,0
73861,1397,0,0
73867,46,0,0
73873,57,0,0
73879,69,0,0
73885,28,0,0
73891,24,0,0
73897,18,0,0
73903,13,0,0
73909,10,0,0
73915,10,0,0
73921,11,0,0
73927,8,0,0
73933,11,0,0
73939,9,0,0
73945,10,0,0
73951,12,0,0
73957,11,0,0
73963,11,0,0
73969,48,0,0
73975,62,0,0
73981,384,0,0
73987,137,0,0
74043,501,0,0
74049,95,0,0
74055,45,0,0
74061,38,0,0
74067,44,0,0
74073,1,0,0
74079,0,0,0
74085,38,0,0
74091,32,0,0
74097,2,0,0
74103,3,0,0
74109,2,0,0
74115,4,0,0
74121,8,0,0
74127,11,0,0
74133,12,0,0
74139,10,0,0
74145,12,0,0
74151,9,0,0
74157,13,0,0
74163,11,0,0
74169,11,0,0
74175,11,0,0
74181,13,0,0
74187,15,0,0
74193,13,0,0
74199,13,0,0
74205,11,0,0
74211,11,0,0
74217,13,0,0
74223,14,0,0
74229,14,0,0
74235,13,0,0
74241,16,0,0
74247,15,0,0
74253,16,0,0
74309,3711,0,0
74315,194,0,0
74321,287,0,0
74327,392,0,0
74383,517,0,0
74389,25,0,0
74395,24,0,0
74401,24,0,0
74407,23,0,0
74413,23,0,0
74419,24,0,0
74425,17,0,0
74431,23,0,0
74437,20,0,0
74443,22,0,0
74449,22,0,0
74455,15,0,0
74461,20,0,0
74467,21,0,0
74473,23,0,0
74479,19,0,0
74485,17,0,0
74491,19,0,0
74497,18,0,0
74503,18,0,0
74509,19,0,0
74515,20,0,0
74521,18,0,0
74527,20,0,0
74533,169,0,0
74589,2765,0,0
74595,0,0,0
74601,0,0,0
74607,56,0,0
74613,17,0,0
74619,2,0,0
74625,10,0,0
74631,25,0,0
74637,22,0,0
74643,19,0,0
74649,18,0,0
74655,17,0,0
74661,19,0,0
74667,20,0,0
74673,25,0,0
74679,16,0,0
74685,17,0,0
74691,15,0,0
74697,19,0,0
74703,19,0,0
74709,16,0,0
74715,19,0,0
74721,18,0,0
74727,17,0,0
74733,17,0,0
74739,42,0,0
74745,69,0,0
74751,83,0,0
74757,0,0,0
74763,442,0,0
74769,81,0,0
74775,53,0,0
74781,43,0,0
74787,45,0,0
74793,58,0,0
74799,69,0,0
74805,109,0,0
74811,135,0,0
74817,104,0,0
74823,89,0,0
74829,81,0,0
74835,82,0,0
74841,93,0,0
74847,71,0,0
74853,27,0,0
74859,0,0,0
74865,0,0,0
74871,0,0,0
74877,27,0,0
74883,22,0,0
74889,17,0,0
74895,26,0,0
74901,20,0,0
74907,17,0,0
74913,16,0,0
74919,14,0,0
74925,19,0,0
74931,20,0,0
74937,21,0,0
74943,19,0,0
74949,18,0,0
74955,21,0,0
74961,19,0,0
74967,20,0,0
74973,15,0,0
74979,22,0,0
74985,20,0,0
74991,18,0,0
74997,18,0,0
75003,78,0,0
75059,3901,0,0
75065,62,0,0
75071,88,0,0
75077,72,0,0
75083,46,0,0
75089,14,0,0
75095,11,0,0
75101,20,0,0
75107,25,0,0
75113,24,0,0
75119,19,0,0
75125,20,0,0
75131,27,0,0
75137,22,0,0
75143,21,0,0
75149,23,0,0
75155,18,0,0
75161,26,0,0
75167,21,0,0
75173,19,0,0
75179,21,0,0
75185,21,0,0
75191,18,0,0
75197,19,0,0
75203,20,0,0
75209,19,0,0
75215,21,0,0
75221,22,0,0
75227,19,0,0
75233,23,0,0
75239,21,0,0
75245,21,0,0
75251,22,0,0
75257,23,0,0
75263,21,0,0
75269,21,0,0
75275,21,0,0
75281,22,0,0
75287,19,0,0
75293,20,0,0
75299,21,0,0
75305,20,0,0
75311,23,0,0
75317,22,0,0
75323,24,0,0
75329,22,0,0
75335,26,0,0
75341,20,0,0
75347,23,0,0
75353,22,0,0
75359,22,0,0
75365,23,0,0
75371,20,0,0
75377,21,0,0
75383,21,0,0
75389,21,0,0
75395,22,0,0
75401,22,0,0
75407,22,0,0
75413,22,0,0
75419,22,0,0
75425,23,0,0
75431,23,0,0
75437,21,0,0
75443,24,0,0
75449,22,0,0
75455,21,0,0
75461,29,0,0
75467,22,0,0
75473,22,0,0
75479,20,0,0
75485,22,0,0
75491,26,0,0
75497,22,0,0
75503,21,0,0
75509,21,0,0
75515,25,0,0
75521,20,0,0
75527,21,0,0
75533,23,0,0
75539,20,0,0
75545,22,0,0
75551,21,0,0
75557,20,0,0
75563,21,0,0
75569,25,0,0
75575,20,0,0
75581,21,0,0
75587,23,0,0
75593,22,0,0
75599,21,0,0
75605,14,0,0
75611,18,0,0
75617,22,0,0
75623,23,0,0
75629,23,0,0
75635,22,0,0
75641,20,0,0
75647,23,0,0
75653,21,0,0
75659,23,0,0
75665,22,0,0
75671,19,0,0
75677,24,0,0
75683,23,0,0
75689,25,0,0
75695,21,0,0
75701,22,0,0
75707,20,0,0
75713,24,0,0
75719,21,0,0
75725,20,0,0
75731,23,0,0
75737,23,0,0
75743,23,0,0
75749,23,0,0
75755,21,0,0
75761,20,0,0
75767,21,0,0
75773,20,0,0
75779,22,0,0
75785,20,0,0
75791,22,0,0
75797,23,0,0
75803,22,0,0
75809,19,0,0
75815,19,0,0
75821,21,0,0
75827,21,0,0
75833,22,0,0
75839,24,0,0
75845,22,0,0
75851,23,0,0
75857,22,0,0
75863,20,0,0
75869,18,0,0
75875,19,0,0
75881,22,0,0
75887,21,0,0
75893,20,0,0
75899,21,0,0
75905,22,0,0
75911,19,0,0
75917,22,0,0
75923,22,0,0
75929,21,0,0
75935,25,0,0
75941,22,0,0
75947,22,0,0
75953,20,0,0
75959,19,0,0
75965,22,0,0
75971,22,0,0
75977,20,0,0
75983,24,0,0
75989,21,0,0
75995,21,0,0
76001,22,0,0
76007,21,0,0
76013,20,0,0
76019,20,0,0
76025,21,0,0
76031,20,0,0
76037,16,0,0
76043,19,0,0
76049,21,0,0
76055,17,0,0
76061,20,0,0
76067,19,0,0
76073,17,0,0
76079,21,0,0
76085,21,0,0
76091,22,0,0
76097,22,0,0
76103,22,0,0
76109,22,0,0
76115,18,0,0
76121,22,0,0
76127,18,0,0
76133,21,0,0
76139,21,0,0
76145,21,0,0
76151,23,0,0
76157,19,0,0
76163,22,0,0
76169,19,0,0
76175,21,0,0
76181,21,0,0
76187,20,0,0
76193,19,0,0
76199,20,0,0
76205,21,0,0
76211,20,0,0
76217,24,0,0
76223,20,0,0
76229,20,0,0
76235,19,0,0
76241,20,0,0
76247,22,0,0
76253,21,0,0
76259,19,0,0
76265,22,0,0
76271,20,0,0
76277,25,0,0
76283,20,0,0
76289,21,0,0
76295,17,0,0
76301,22,0,0
76307,22,0,0
76313,20,0,0
76319,21,0,0
76325,20,0,0
76331,35,0,0
76387,3907,0,0
76393,102,0,0
76399,43,0,0
76405,24,0,0
76411,50,0,0
76417,42,0,0
76423,40,0,0
76429,41,0,0
76435,19,0,0
76441,6,0,0
76447,33,0,0
76453,20,0,0
76459,16,0,0
76465,24,0,0
76471,23,0,0
76477,21,0,0
76483,23,0,0
76489,18,0,0
76495,21,0,0
76501,23,0,0
76507,35,0,0
76513,0,0,0
76569,1976,0,0
76575,37,0,0
76581,87,0,0
76587,29,0,0
76593,31,0,0
76599,32,0,0
76605,35,0,0
76611,19,0,0
76617,12,0,0
76623,30,0,0
76629,20,0,0
76635,16,0,0
76641,25,0,0
76647,24,0,0
76653,23,0,0
76659,22,0,0
76665,22,0,0
76671,21,0,0
76677,87,0,0
76733,3941,0,0
76789,1026,0,0
76795,27,0,0
76801,11,0,0
76807,46,0,0
76813,12,0,0
76819,31,0,0
76825,24,0,0
76831,24,0,0
76837,25,0,0
76843,20,0,0
76849,133,0,0
76905,3906,0,0
76911,331,0,0
76917,170,0,0
76923,0,0,0
76929,8,0,0
76935,57,0,0
76941,53,0,0
76947,14,0,0
76953,25,0,0
76959,34,0,0
76965,31,0,0
76971,24,0,0
76977,26,0,0
76983,34,0,0
76989,24,0,0
76995,20,0,0
77001,29,0,0
77007,27,0,0
77013,23,0,0
77019,27,0,0
77025,27,0,0
77031,25,0,0
77037,24,0,0
77043,24,0,0
77049,25,0,0
77055,25,0,0
77061,24,0,0
77067,26,0,0
77073,22,0,0
77079,23,0,0
77085,27,0,0
77091,23,0,0
77097,27,0,0
77103,23,0,0
77109,25,0,0
77115,24,0,0
77121,23,0,0
77127,21,0,0
77133,22,0,0
77139,21,0,0
77145,22,0,0
77151,23,0,0
77157,20,0,0
77163,23,0,0
77169,24,0,0
77175,23,0,0
77181,24,0,0
77187,21,0,0
77193,28,0,0
77199,24,0,0
77205,22,0,0
77211,21,0,0
77217,21,0,0
77223,22,0,0
77229,21,0,0
77235,22,0,0
77241,20,0,0
77247,23,0,0
77253,20,0,0
77259,20,0,0
77265,21,0,0
77271,24,0,0
77277,18,0,0
77283,20,0,0
77289,20,0,0
77295,24,0,0
77301,21,0,0
77307,22,0,0
77313,23,0,0
77319,19,0,0
77325,22,0,0
77331,23,0,0
77337,19,0,0
77343,22,0,0
77349,23,0,0
77355,21,0,0
77361,19,0,0
77367,20,0,0
77373,21,0,0
77379,21,0,0
77385,20,0,0
77391,21,0,0
77397,22,0,0
77403,19,0,0
77409,18,0,0
77415,24,0,0
77421,21,0,0
77427,17,0,0
77433,21,0,0
77439,21,0,0
77445,21,0,0
77451,23,0,0
77457,20,0,0
77463,20,0,0
77469,22,0,0
77475,20,0,0
77481,21,0,0
77487,20,0,0
77493,20,0,0
77499,20,0,0
77505,20,0,0
77511,20,0,0
77517,20,0,0
77523,19,0,0
77529,20,0,0
77535,20,0,0
77541,18,0,0
77547,18,0,0
77553,20,0,0
77559,18,0,0
77565,20,0,0
77571,21,0,0
77577,19,0,0
77583,19,0,0
77589,23,0,0
77595,19,0,0
77601,20,0,0
77607,20,0,0
77613,21,0,0
77619,20,0,0
